# omega  S_X  S_M  (Lattice mean-field longitudinal Szz; L=60, B/t=3)
0.00 -1.98085e-17 3.60565e-17
0.01 1.40642e-05 2.34704e-06
0.02 2.81325e-05 4.69421e-06
0.03 4.22089e-05 7.04161e-06
0.04 5.62976e-05 9.38938e-06
0.05 7.04027e-05 1.17376e-05
0.06 8.45283e-05 1.40865e-05
0.07 9.86786e-05 1.6436e-05
0.08 0.000112858 1.87865e-05
0.09 0.00012707 2.11378e-05
0.10 0.000141319 2.34903e-05
0.11 0.00015561 2.5844e-05
0.12 0.000169946 2.81989e-05
0.13 0.000184332 3.05554e-05
0.14 0.000198773 3.29134e-05
0.15 0.000213273 3.52731e-05
0.16 0.000227836 3.76346e-05
0.17 0.000242466 3.99981e-05
0.18 0.000257169 4.23636e-05
0.19 0.000271949 4.47313e-05
0.20 0.000286811 4.71013e-05
0.21 0.000301759 4.94737e-05
0.22 0.000316799 5.18487e-05
0.23 0.000331934 5.42263e-05
0.24 0.000347171 5.66068e-05
0.25 0.000362514 5.89902e-05
0.26 0.000377969 6.13766e-05
0.27 0.000393541 6.37662e-05
0.28 0.000409235 6.61592e-05
0.29 0.000425056 6.85555e-05
0.30 0.000441011 7.09555e-05
0.31 0.000457106 7.33591e-05
0.32 0.000473345 7.57666e-05
0.33 0.000489736 7.8178e-05
0.34 0.000506284 8.05935e-05
0.35 0.000522996 8.30132e-05
0.36 0.000539877 8.54372e-05
0.37 0.000556936 8.78657e-05
0.38 0.000574179 9.02989e-05
0.39 0.000591612 9.27368e-05
0.40 0.000609243 9.51796e-05
0.41 0.00062708 9.76274e-05
0.42 0.000645129 0.00010008
0.43 0.0006634 0.000102539
0.44 0.000681899 0.000105002
0.45 0.000700636 0.000107471
0.46 0.000719619 0.000109946
0.47 0.000738857 0.000112427
0.48 0.000758359 0.000114914
0.49 0.000778134 0.000117407
0.50 0.000798193 0.000119906
0.51 0.000818545 0.000122412
0.52 0.000839201 0.000124924
0.53 0.000860171 0.000127443
0.54 0.000881468 0.000129969
0.55 0.000903102 0.000132502
0.56 0.000925085 0.000135042
0.57 0.000947431 0.00013759
0.58 0.000970151 0.000140145
0.59 0.000993259 0.000142707
0.60 0.00101677 0.000145277
0.61 0.0010407 0.000147856
0.62 0.00106506 0.000150442
0.63 0.00108986 0.000153037
0.64 0.00111513 0.00015564
0.65 0.00114088 0.000158252
0.66 0.00116713 0.000160873
0.67 0.0011939 0.000163502
0.68 0.0012212 0.000166141
0.69 0.00124906 0.000168789
0.70 0.00127749 0.000171447
0.71 0.00130652 0.000174114
0.72 0.00133617 0.000176791
0.73 0.00136647 0.000179478
0.74 0.00139744 0.000182176
0.75 0.0014291 0.000184883
0.76 0.00146148 0.000187602
0.77 0.00149462 0.000190331
0.78 0.00152854 0.000193071
0.79 0.00156327 0.000195822
0.80 0.00159884 0.000198585
0.81 0.0016353 0.000201359
0.82 0.00167267 0.000204145
0.83 0.00171099 0.000206943
0.84 0.00175031 0.000209753
0.85 0.00179067 0.000212576
0.86 0.00183211 0.000215411
0.87 0.00187467 0.000218259
0.88 0.00191841 0.00022112
0.89 0.00196338 0.000223995
0.90 0.00200964 0.000226883
0.91 0.00205724 0.000229785
0.92 0.00210624 0.000232701
0.93 0.00215671 0.000235631
0.94 0.00220872 0.000238576
0.95 0.00226234 0.000241536
0.96 0.00231765 0.000244511
0.97 0.00237474 0.000247501
0.98 0.00243368 0.000250507
0.99 0.00249457 0.000253528
1.00 0.00255752 0.000256566
1.01 0.00262263 0.00025962
1.02 0.00269 0.000262691
1.03 0.00275977 0.00026578
1.04 0.00283206 0.000268885
1.05 0.00290701 0.000272008
1.06 0.00298476 0.00027515
1.07 0.00306548 0.00027831
1.08 0.00314934 0.000281488
1.09 0.00323651 0.000284686
1.10 0.0033272 0.000287903
1.11 0.00342161 0.00029114
1.12 0.00351999 0.000294397
1.13 0.00362256 0.000297675
1.14 0.00372961 0.000300974
1.15 0.00384142 0.000304295
1.16 0.00395831 0.000307638
1.17 0.00408062 0.000311003
1.18 0.00420872 0.000314391
1.19 0.00434302 0.000317803
1.20 0.00448396 0.000321238
1.21 0.00463203 0.000324698
1.22 0.00478776 0.000328184
1.23 0.00495174 0.000331695
1.24 0.00512461 0.000335232
1.25 0.00530708 0.000338797
1.26 0.00549994 0.00034239
1.27 0.00570406 0.000346011
1.28 0.0059204 0.000349661
1.29 0.00615005 0.000353342
1.30 0.00639421 0.000357054
1.31 0.00665422 0.000360798
1.32 0.00693161 0.000364576
1.33 0.00722807 0.000368387
1.34 0.00754554 0.000372235
1.35 0.00788621 0.000376119
1.36 0.00825256 0.000380041
1.37 0.00864745 0.000384004
1.38 0.00907414 0.000388008
1.39 0.0095364 0.000392056
1.40 0.0100386 0.00039615
1.41 0.0105858 0.000400292
1.42 0.0111839 0.000404485
1.43 0.0118399 0.000408732
1.44 0.0125621 0.000413036
1.45 0.0133602 0.000417402
1.46 0.014246 0.000421833
1.47 0.0152337 0.000426336
1.48 0.0163404 0.000430916
1.49 0.0175874 0.000435581
1.50 0.0190005 0.000440339
1.51 0.0206122 0.000445201
1.52 0.0224632 0.00045018
1.53 0.0246052 0.00045529
1.54 0.0271043 0.000460551
1.55 0.0300459 0.000465987
1.56 0.0335411 0.000471628
1.57 0.0377349 0.000477513
1.58 0.0428166 0.00048369
1.59 0.0490311 0.000490223
1.60 0.0566847 0.000497192
1.61 0.0661362 0.000504693
1.62 0.0777414 0.000512838
1.63 0.0917096 0.000521732
1.64 0.107843 0.000531439
1.65 0.125258 0.000541922
1.66 0.142402 0.000553014
1.67 0.157523 0.000564465
1.68 0.169221 0.000576048
1.69 0.176597 0.000587622
1.70 0.17923 0.000599108
1.71 0.177324 0.000610449
1.72 0.171829 0.000621569
1.73 0.164261 0.000632334
1.74 0.156291 0.000642597
1.75 0.149462 0.000652434
1.76 0.145179 0.00066241
1.77 0.14472 0.000673588
1.78 0.149095 0.000687186
1.79 0.15886 0.000704064
1.80 0.173871 0.000724231
1.81 0.192812 0.000746543
1.82 0.212639 0.000768709
1.83 0.228653 0.000787632
1.84 0.236009 0.00080008
1.85 0.232136 0.000803762
1.86 0.218082 0.000798592
1.87 0.1977 0.000787093
1.88 0.175627 0.000773223
1.89 0.15554 0.000760522
1.90 0.139495 0.000751075
1.91 0.128199 0.000745581
1.92 0.121556 0.000743862
1.93 0.119032 0.000745274
1.94 0.119776 0.000748925
1.95 0.122635 0.000753854
1.96 0.126229 0.000759185
1.97 0.129096 0.000764241
1.98 0.129925 0.000768611
1.99 0.127858 0.000772212
2.00 0.122672 0.000775265
2.01 0.114734 0.000778183
2.02 0.104859 0.000781439
2.03 0.0941973 0.000785456
2.04 0.0839632 0.000790543
2.05 0.0750555 0.000796865
2.06 0.0678814 0.000804475
2.07 0.0624736 0.000813378
2.08 0.0586924 0.000823587
2.09 0.0563689 0.000835152
2.10 0.0553759 0.000848184
2.11 0.0556544 0.000862863
2.12 0.0572232 0.00087945
2.13 0.0601821 0.000898284
2.14 0.064711 0.000919773
2.15 0.0710569 0.000944334
2.16 0.0794887 0.000972292
2.17 0.0901867 0.00100376
2.18 0.103042 0.00103863
2.19 0.117406 0.00107657
2.20 0.131961 0.00111707
2.21 0.14492 0.00115913
2.22 0.154559 0.00120096
2.23 0.159798 0.00124024
2.24 0.160381 0.00127486
2.25 0.156729 0.00130375
2.26 0.149763 0.00132733
2.27 0.14068 0.00134726
2.28 0.130584 0.00136541
2.29 0.120239 0.00138277
2.30 0.110151 0.00139919
2.31 0.100785 0.00141468
2.32 0.0925821 0.0014307
2.33 0.0858378 0.00144974
2.34 0.080618 0.00147399
2.35 0.0767762 0.00150452
2.36 0.0740529 0.00154148
2.37 0.0721773 0.00158468
2.38 0.0709142 0.00163389
2.39 0.0700906 0.00168929
2.40 0.0696269 0.00175206
2.41 0.069567 0.00182464
2.42 0.0700938 0.00191039
2.43 0.0715002 0.00201253
2.44 0.0740911 0.00213237
2.45 0.0780763 0.00226708
2.46 0.0835242 0.00240836
2.47 0.0903498 0.00254469
2.48 0.09826 0.00266637
2.49 0.106695 0.00276835
2.50 0.114984 0.00284877
2.51 0.122708 0.00290697
2.52 0.129865 0.00294326
2.53 0.136596 0.00295979
2.54 0.142869 0.00296116
2.55 0.148425 0.00295359
2.56 0.152885 0.00294272
2.57 0.155843 0.00293247
2.58 0.157014 0.00292602
2.59 0.15648 0.00292823
2.60 0.154759 0.0029474
2.61 0.152583 0.00299401
2.62 0.150634 0.00307705
2.63 0.149347 0.0032004
2.64 0.148696 0.00336019
2.65 0.148022 0.00354416
2.66 0.146149 0.00373466
2.67 0.141869 0.00391415
2.68 0.134755 0.0040699
2.69 0.125631 0.004195
2.70 0.116024 0.00428513
2.71 0.107196 0.00433448
2.72 0.0996896 0.00433605
2.73 0.0934685 0.0042869
2.74 0.0882267 0.00419181
2.75 0.0836451 0.00405977
2.76 0.0795169 0.00389765
2.77 0.0757447 0.00371029
2.78 0.0723033 0.00350634
2.79 0.0692353 0.00330054
2.80 0.066626 0.00310901
2.81 0.0645044 0.00294323
2.82 0.0627662 0.0028078
2.83 0.061218 0.00270193
2.84 0.0596649 0.00262198
2.85 0.0579507 0.00256365
2.86 0.0559831 0.00252318
2.87 0.0537606 0.00249783
2.88 0.0513695 0.00248586
2.89 0.0489468 0.00248632
2.90 0.0466412 0.00249877
2.91 0.044585 0.00252309
2.92 0.0428798 0.00255961
2.93 0.0416091 0.00260944
2.94 0.0408548 0.00267446
2.95 0.0406876 0.00275711
2.96 0.0411569 0.00286023
2.97 0.0423001 0.00298734
2.98 0.044163 0.00314299
2.99 0.046819 0.00333332
3.00 0.0503834 0.00356655
3.01 0.0550264 0.00385376
3.02 0.0609875 0.00420963
3.03 0.0685911 0.00465333
3.04 0.078257 0.0052089
3.05 0.090492 0.00590413
3.06 0.105824 0.00676549
3.07 0.124616 0.00780545
3.08 0.146687 0.00899953
3.09 0.170766 0.0102587
3.10 0.194065 0.0114189
3.11 0.212553 0.0122737
3.12 0.222333 0.0126467
3.13 0.221659 0.0124602
3.14 0.21212 0.0117655
3.15 0.19787 0.0107227
3.16 0.183551 0.00953808
3.17 0.172589 0.00838903
3.18 0.166661 0.00738168
3.19 0.165926 0.00655295
3.20 0.169441 0.00589491
3.21 0.175654 0.00537907
3.22 0.182965 0.00497281
3.23 0.19003 0.00464793
3.24 0.195683 0.00438313
3.25 0.198825 0.00416281
3.26 0.198602 0.00397566
3.27 0.194718 0.00381415
3.28 0.187527 0.00367398
3.29 0.177807 0.00355313
3.30 0.166474 0.00345077
3.31 0.154555 0.00336653
3.32 0.143366 0.00329999
3.33 0.134387 0.00325028
3.34 0.128746 0.00321591
3.35 0.126757 0.00319483
3.36 0.127712 0.00318442
3.37 0.129886 0.00318149
3.38 0.130927 0.00318247
3.39 0.128707 0.00318387
3.40 0.122197 0.0031831
3.41 0.111811 0.00317939
3.42 0.0990562 0.00317391
3.43 0.0857711 0.0031689
3.44 0.0733978 0.00316663
3.45 0.0626757 0.00316858
3.46 0.0537591 0.0031753
3.47 0.0464834 0.00318668
3.48 0.0405752 0.00320228
3.49 0.0357618 0.00322157
3.50 0.0318108 0.0032441
3.51 0.0285371 0.00326948
3.52 0.0257975 0.00329739
3.53 0.0234821 0.00332759
3.54 0.0215069 0.00335989
3.55 0.0198071 0.00339415
3.56 0.0183326 0.00343027
3.57 0.017044 0.00346814
3.58 0.0159103 0.00350771
3.59 0.0149067 0.00354894
3.60 0.0140133 0.00359177
3.61 0.013214 0.0036362
3.62 0.0124954 0.0036822
3.63 0.0118467 0.00372977
3.64 0.0112587 0.00377891
3.65 0.0107239 0.00382962
3.66 0.0102358 0.00388191
3.67 0.00978894 0.00393579
3.68 0.00937875 0.0039913
3.69 0.00900123 0.00404844
3.70 0.00865294 0.00410726
3.71 0.00833091 0.00416777
3.72 0.00803255 0.00423002
3.73 0.0077556 0.00429405
3.74 0.00749809 0.00435988
3.75 0.00725826 0.00442758
3.76 0.00703458 0.00449718
3.77 0.00682568 0.00456875
3.78 0.00663036 0.00464233
3.79 0.00644752 0.00471799
3.80 0.00627619 0.00479578
3.81 0.00611552 0.00487577
3.82 0.00596472 0.00495804
3.83 0.00582309 0.00504266
3.84 0.00569 0.0051297
3.85 0.00556487 0.00521925
3.86 0.00544719 0.0053114
3.87 0.00533648 0.00540623
3.88 0.00523233 0.00550385
3.89 0.00513433 0.00560436
3.90 0.00504214 0.00570786
3.91 0.00495544 0.00581447
3.92 0.00487392 0.0059243
3.93 0.00479733 0.00603749
3.94 0.00472541 0.00615417
3.95 0.00465794 0.00627448
3.96 0.00459471 0.00639857
3.97 0.00453554 0.00652659
3.98 0.00448026 0.00665871
3.99 0.00442871 0.00679511
4.00 0.00438075 0.00693597
4.01 0.00433625 0.00708149
4.02 0.00429509 0.00723187
4.03 0.00425716 0.00738734
4.04 0.00422237 0.00754814
4.05 0.00419063 0.0077145
4.06 0.00416187 0.00788669
4.07 0.00413602 0.008065
4.08 0.00411301 0.00824971
4.09 0.0040928 0.00844115
4.10 0.00407535 0.00863966
4.11 0.0040606 0.00884558
4.12 0.00404855 0.00905932
4.13 0.00403915 0.00928127
4.14 0.00403241 0.00951187
4.15 0.0040283 0.0097516
4.16 0.00402684 0.010001
4.17 0.00402801 0.0102605
4.18 0.00403184 0.0105307
4.19 0.00403835 0.0108123
4.20 0.00404756 0.011106
4.21 0.0040595 0.0114124
4.22 0.00407421 0.0117323
4.23 0.00409176 0.0120666
4.24 0.00411218 0.0124161
4.25 0.00413555 0.0127819
4.26 0.00416195 0.013165
4.27 0.00419145 0.0135665
4.28 0.00422415 0.0139878
4.29 0.00426016 0.0144301
4.30 0.0042996 0.014895
4.31 0.00434259 0.0153841
4.32 0.00438928 0.0158991
4.33 0.00443982 0.0164421
4.34 0.0044944 0.0170151
4.35 0.0045532 0.0176206
4.36 0.00461644 0.0182611
4.37 0.00468435 0.0189396
4.38 0.00475719 0.0196591
4.39 0.00483524 0.0204233
4.40 0.00491881 0.0212361
4.41 0.00500825 0.0221018
4.42 0.00510394 0.0230256
4.43 0.00520631 0.0240128
4.44 0.00531583 0.0250696
4.45 0.00543301 0.0262032
4.46 0.00555844 0.0274215
4.47 0.00569277 0.0287336
4.48 0.00583674 0.0301497
4.49 0.00599115 0.0316818
4.50 0.00615694 0.0333434
4.51 0.00633515 0.0351502
4.52 0.00652696 0.0371205
4.53 0.00673372 0.0392754
4.54 0.00695699 0.0416398
4.55 0.00719853 0.0442431
4.56 0.00746041 0.0471198
4.57 0.00774499 0.0503111
4.58 0.00805507 0.0538666
4.59 0.00839392 0.0578458
4.60 0.0087654 0.0623213
4.61 0.00917412 0.0673816
4.62 0.00962558 0.0731364
4.63 0.0101265 0.0797217
4.64 0.0106849 0.0873084
4.65 0.0113109 0.096113
4.66 0.0120167 0.106412
4.67 0.0128181 0.118562
4.68 0.0137345 0.133026
4.69 0.0147911 0.150411
4.70 0.01602 0.171512
4.71 0.017463 0.19737
4.72 0.0191739 0.229331
4.73 0.0212222 0.269064
4.74 0.0236944 0.318484
4.75 0.0266933 0.379376
4.76 0.0303267 0.452507
4.77 0.0346798 0.536106
4.78 0.0397658 0.624377
4.79 0.0454667 0.70764
4.80 0.0514958 0.774893
4.81 0.0574247 0.817151
4.82 0.0627886 0.829844
4.83 0.0672379 0.814033
4.84 0.0706423 0.775827
4.85 0.0730594 0.723669
4.86 0.0745811 0.664987
4.87 0.0752071 0.604601
4.88 0.0749191 0.545715
4.89 0.0739089 0.491433
4.90 0.072731 0.444932
4.91 0.072175 0.408684
4.92 0.0728977 0.3837
4.93 0.0751211 0.3692
4.94 0.078563 0.362734
4.95 0.0825456 0.360764
4.96 0.0862362 0.359875
4.97 0.0890096 0.358143
4.98 0.0908461 0.355715
4.99 0.0924781 0.354408
5.00 0.0950873 0.356946
5.01 0.0998233 0.366295
5.02 0.107512 0.385125
5.03 0.118549 0.415297
5.04 0.132775 0.457292
5.05 0.149264 0.509493
5.06 0.166283 0.567754
5.07 0.181694 0.625949
5.08 0.193547 0.677466
5.09 0.20045 0.716329
5.10 0.201829 0.737542
5.11 0.198229 0.737903
5.12 0.191322 0.717201
5.13 0.183445 0.678281
5.14 0.176977 0.626055
5.15 0.173932 0.566812
5.16 0.175843 0.507655
5.17 0.183857 0.455
5.18 0.198784 0.412971
5.19 0.220855 0.383014
5.20 0.249046 0.364523
5.21 0.280082 0.355582
5.22 0.307926 0.353469
5.23 0.325115 0.355128
5.24 0.326138 0.357961
5.25 0.310533 0.360885
5.26 0.283047 0.36506
5.27 0.25083 0.373594
5.28 0.220146 0.390368
5.29 0.194768 0.418953
5.30 0.176196 0.462159
5.31 0.164572 0.521751
5.32 0.159389 0.597599
5.33 0.159722 0.686176
5.34 0.164098 0.779302
5.35 0.170316 0.864332
5.36 0.175524 0.92591
5.37 0.176732 0.949257
5.38 0.171732 0.925605
5.39 0.160094 0.857548
5.40 0.143454 0.759186
5.41 0.124653 0.649658
5.42 0.106349 0.54492
5.43 0.0901356 0.453653
5.44 0.0765345 0.378193
5.45 0.065424 0.317373
5.46 0.0564294 0.268776
5.47 0.0491399 0.229907
5.48 0.0431938 0.198626
5.49 0.0382998 0.173231
5.50 0.0342315 0.152412
5.51 0.0308155 0.135175
5.52 0.0279196 0.120764
5.53 0.0254421 0.108605
5.54 0.0233048 0.0982553
5.55 0.0214466 0.0893754
5.56 0.0198195 0.0816991
5.57 0.0183857 0.0750173
5.58 0.0171145 0.0691638
5.59 0.0159813 0.0640055
5.60 0.0149662 0.059435
5.61 0.0140526 0.0553646
5.62 0.0132268 0.0517226
5.63 0.0124776 0.0484496
5.64 0.0117953 0.0454962
5.65 0.0111718 0.0428212
5.66 0.0106004 0.0403896
5.67 0.0100751 0.038172
5.68 0.00959085 0.0361433
5.69 0.00914336 0.0342821
5.70 0.00872884 0.0325697
5.71 0.00834399 0.0309903
5.72 0.00798593 0.02953
5.73 0.00765213 0.0281767
5.74 0.00734036 0.0269198
5.75 0.00704864 0.0257502
5.76 0.00677524 0.0246597
5.77 0.00651858 0.0236409
5.78 0.00627728 0.0226877
5.79 0.00605009 0.0217942
5.80 0.00583588 0.0209554
5.81 0.00563365 0.0201667
5.82 0.0054425 0.0194242
5.83 0.00526159 0.0187242
5.84 0.00509018 0.0180632
5.85 0.0049276 0.0174385
5.86 0.00477322 0.0168473
5.87 0.00462648 0.0162872
5.88 0.00448688 0.015756
5.89 0.00435394 0.0152515
5.90 0.00422722 0.0147721
5.91 0.00410633 0.014316
5.92 0.00399092 0.0138816
5.93 0.00388063 0.0134677
5.94 0.00377516 0.0130727
5.95 0.00367423 0.0126957
5.96 0.00357756 0.0123355
5.97 0.00348492 0.011991
5.98 0.00339608 0.0116613
5.99 0.00331082 0.0113456
6.00 0.00322895 0.0110431
6.01 0.00315028 0.010753
6.02 0.00307465 0.0104746
6.03 0.00300189 0.0102072
6.04 0.00293186 0.00995041
6.05 0.00286441 0.00970349
6.06 0.00279943 0.00946597
6.07 0.00273677 0.00923738
6.08 0.00267634 0.00901724
6.09 0.00261803 0.00880515
6.10 0.00256172 0.00860069
6.11 0.00250734 0.0084035
6.12 0.00245478 0.00821323
6.13 0.00240397 0.00802955
6.14 0.00235482 0.00785214
6.15 0.00230727 0.00768073
6.16 0.00226124 0.00751502
6.17 0.00221667 0.00735477
6.18 0.00217348 0.00719974
6.19 0.00213163 0.00704969
6.20 0.00209106 0.0069044
6.21 0.00205171 0.00676368
6.22 0.00201354 0.00662732
6.23 0.00197649 0.00649514
6.24 0.00194052 0.00636698
6.25 0.00190559 0.00624266
6.26 0.00187166 0.00612203
6.27 0.00183868 0.00600494
6.28 0.00180662 0.00589126
6.29 0.00177545 0.00578084
6.30 0.00174514 0.00567356
6.31 0.00171564 0.0055693
6.32 0.00168693 0.00546794
6.33 0.00165898 0.00536938
6.34 0.00163177 0.00527351
6.35 0.00160527 0.00518024
6.36 0.00157944 0.00508946
6.37 0.00155428 0.00500109
6.38 0.00152975 0.00491504
6.39 0.00150583 0.00483122
6.40 0.0014825 0.00474957
6.41 0.00145975 0.00467001
6.42 0.00143755 0.00459245
6.43 0.00141588 0.00451684
6.44 0.00139474 0.00444311
6.45 0.00137409 0.0043712
6.46 0.00135392 0.00430104
6.47 0.00133423 0.00423257
6.48 0.00131498 0.00416576
6.49 0.00129618 0.00410052
6.50 0.0012778 0.00403683
6.51 0.00125983 0.00397463
6.52 0.00124226 0.00391387
6.53 0.00122508 0.00385451
6.54 0.00120828 0.0037965
6.55 0.00119184 0.00373981
6.56 0.00117575 0.00368438
6.57 0.00116001 0.00363019
6.58 0.0011446 0.0035772
6.59 0.00112951 0.00352537
6.60 0.00111474 0.00347467
6.61 0.00110027 0.00342506
6.62 0.0010861 0.00337652
6.63 0.00107221 0.00332901
6.64 0.00105861 0.0032825
6.65 0.00104528 0.00323696
6.66 0.00103221 0.00319237
6.67 0.0010194 0.0031487
6.68 0.00100684 0.00310593
6.69 0.000994527 0.00306402
6.70 0.000982449 0.00302296
6.71 0.000970602 0.00298273
6.72 0.00095898 0.00294329
6.73 0.000947578 0.00290464
6.74 0.000936389 0.00286674
6.75 0.000925407 0.00282959
6.76 0.000914629 0.00279315
6.77 0.000904047 0.00275742
6.78 0.000893659 0.00272237
6.79 0.000883458 0.00268798
6.80 0.00087344 0.00265424
6.81 0.0008636 0.00262113
6.82 0.000853935 0.00258864
6.83 0.000844439 0.00255675
6.84 0.000835109 0.00252545
6.85 0.000825941 0.00249472
6.86 0.000816931 0.00246454
6.87 0.000808075 0.00243491
6.88 0.00079937 0.00240581
6.89 0.000790811 0.00237723
6.90 0.000782397 0.00234916
6.91 0.000774122 0.00232157
6.92 0.000765985 0.00229447
6.93 0.000757981 0.00226784
6.94 0.000750109 0.00224167
6.95 0.000742364 0.00221595
6.96 0.000734744 0.00219067
6.97 0.000727247 0.00216582
6.98 0.00071987 0.00214138
6.99 0.000712609 0.00211736
7.00 0.000705463 0.00209374
7.01 0.000698428 0.0020705
7.02 0.000691504 0.00204765
7.03 0.000684686 0.00202518
7.04 0.000677973 0.00200307
7.05 0.000671363 0.00198132
7.06 0.000664854 0.00195992
7.07 0.000658443 0.00193886
7.08 0.000652128 0.00191814
7.09 0.000645907 0.00189775
7.10 0.000639779 0.00187768
7.11 0.000633742 0.00185792
7.12 0.000627793 0.00183847
7.13 0.000621931 0.00181932
7.14 0.000616154 0.00180047
7.15 0.000610461 0.00178191
7.16 0.00060485 0.00176363
7.17 0.000599318 0.00174562
7.18 0.000593865 0.00172789
7.19 0.000588489 0.00171043
7.20 0.000583189 0.00169323
7.21 0.000577963 0.00167628
7.22 0.000572809 0.00165959
7.23 0.000567727 0.00164314
7.24 0.000562715 0.00162693
7.25 0.000557771 0.00161095
7.26 0.000552894 0.00159521
7.27 0.000548084 0.0015797
7.28 0.000543338 0.00156441
7.29 0.000538656 0.00154934
7.30 0.000534036 0.00153448
7.31 0.000529478 0.00151983
7.32 0.00052498 0.00150539
7.33 0.00052054 0.00149115
7.34 0.000516159 0.00147711
7.35 0.000511835 0.00146327
7.36 0.000507566 0.00144961
7.37 0.000503353 0.00143615
7.38 0.000499194 0.00142286
7.39 0.000495087 0.00140976
7.40 0.000491033 0.00139684
7.41 0.000487029 0.00138409
7.42 0.000483076 0.00137152
7.43 0.000479173 0.00135911
7.44 0.000475318 0.00134687
7.45 0.000471511 0.00133478
7.46 0.00046775 0.00132286
7.47 0.000464036 0.0013111
7.48 0.000460367 0.00129949
7.49 0.000456743 0.00128803
7.50 0.000453162 0.00127672
7.51 0.000449625 0.00126555
7.52 0.00044613 0.00125453
7.53 0.000442677 0.00124365
7.54 0.000439264 0.00123291
7.55 0.000435893 0.00122231
7.56 0.00043256 0.00121184
7.57 0.000429267 0.0012015
7.58 0.000426012 0.00119129
7.59 0.000422795 0.0011812
7.60 0.000419615 0.00117125
7.61 0.000416472 0.00116141
7.62 0.000413365 0.0011517
7.63 0.000410293 0.00114211
7.64 0.000407256 0.00113263
7.65 0.000404254 0.00112327
7.66 0.000401285 0.00111402
7.67 0.000398349 0.00110489
7.68 0.000395447 0.00109586
7.69 0.000392576 0.00108695
7.70 0.000389738 0.00107813
7.71 0.000386931 0.00106943
7.72 0.000384154 0.00106082
7.73 0.000381408 0.00105232
7.74 0.000378692 0.00104392
7.75 0.000376005 0.00103562
7.76 0.000373347 0.00102741
7.77 0.000370718 0.0010193
7.78 0.000368117 0.00101128
7.79 0.000365544 0.00100335
7.80 0.000362998 0.000995517
7.81 0.000360479 0.000987771
7.82 0.000357987 0.000980114
7.83 0.00035552 0.000972543
7.84 0.00035308 0.000965058
7.85 0.000350665 0.000957657
7.86 0.000348275 0.000950339
7.87 0.00034591 0.000943103
7.88 0.000343569 0.000935948
7.89 0.000341252 0.000928871
7.90 0.000338959 0.000921873
7.91 0.000336689 0.000914952
7.92 0.000334442 0.000908107
7.93 0.000332218 0.000901337
7.94 0.000330016 0.00089464
7.95 0.000327837 0.000888016
7.96 0.000325679 0.000881463
7.97 0.000323542 0.000874982
7.98 0.000321427 0.000868569
7.99 0.000319332 0.000862225
8.00 0.000317259 0.000855949
8.01 0.000315205 0.00084974
8.02 0.000313172 0.000843596
8.03 0.000311158 0.000837517
8.04 0.000309164 0.000831501
8.05 0.000307189 0.000825549
8.06 0.000305233 0.000819659
8.07 0.000303296 0.00081383
8.08 0.000301378 0.000808062
8.09 0.000299477 0.000802353
8.10 0.000297595 0.000796703
8.11 0.000295731 0.00079111
8.12 0.000293884 0.000785575
8.13 0.000292054 0.000780096
8.14 0.000290242 0.000774673
8.15 0.000288446 0.000769305
8.16 0.000286668 0.000763991
8.17 0.000284905 0.00075873
8.18 0.000283159 0.000753522
8.19 0.000281429 0.000748366
8.20 0.000279715 0.000743262
8.21 0.000278016 0.000738208
8.22 0.000276333 0.000733204
8.23 0.000274665 0.000728249
8.24 0.000273013 0.000723343
8.25 0.000271375 0.000718485
8.26 0.000269752 0.000713674
8.27 0.000268143 0.00070891
8.28 0.000266549 0.000704193
8.29 0.000264969 0.000699521
8.30 0.000263403 0.000694894
8.31 0.000261851 0.000690311
8.32 0.000260312 0.000685773
8.33 0.000258787 0.000681277
8.34 0.000257275 0.000676825
8.35 0.000255777 0.000672414
8.36 0.000254292 0.000668046
8.37 0.000252819 0.000663718
8.38 0.000251359 0.000659431
8.39 0.000249912 0.000655185
8.40 0.000248477 0.000650978
8.41 0.000247054 0.00064681
8.42 0.000245644 0.000642681
8.43 0.000244245 0.00063859
8.44 0.000242859 0.000634537
8.45 0.000241484 0.000630521
8.46 0.000240121 0.000626542
8.47 0.000238769 0.000622599
8.48 0.000237428 0.000618692
8.49 0.000236099 0.000614821
8.50 0.000234781 0.000610985
8.51 0.000233473 0.000607183
8.52 0.000232177 0.000603416
8.53 0.000230891 0.000599683
8.54 0.000229616 0.000595983
8.55 0.000228351 0.000592316
8.56 0.000227096 0.000588682
8.57 0.000225852 0.00058508
8.58 0.000224618 0.00058151
8.59 0.000223394 0.000577971
8.60 0.00022218 0.000574464
8.61 0.000220975 0.000570987
8.62 0.00021978 0.000567541
8.63 0.000218595 0.000564124
8.64 0.000217419 0.000560738
8.65 0.000216253 0.000557381
8.66 0.000215096 0.000554053
8.67 0.000213948 0.000550754
8.68 0.000212809 0.000547483
8.69 0.000211679 0.00054424
8.70 0.000210558 0.000541025
8.71 0.000209446 0.000537837
8.72 0.000208342 0.000534676
8.73 0.000207247 0.000531543
8.74 0.00020616 0.000528435
8.75 0.000205082 0.000525354
8.76 0.000204012 0.000522299
8.77 0.000202951 0.00051927
8.78 0.000201897 0.000516266
8.79 0.000200852 0.000513287
8.80 0.000199815 0.000510333
8.81 0.000198785 0.000507403
8.82 0.000197764 0.000504497
8.83 0.00019675 0.000501616
8.84 0.000195743 0.000498758
8.85 0.000194745 0.000495924
8.86 0.000193753 0.000493113
8.87 0.00019277 0.000490325
8.88 0.000191793 0.00048756
8.89 0.000190824 0.000484817
8.90 0.000189862 0.000482096
8.91 0.000188907 0.000479398
8.92 0.000187959 0.000476721
8.93 0.000187018 0.000474065
8.94 0.000186085 0.000471431
8.95 0.000185158 0.000468818
8.96 0.000184237 0.000466226
8.97 0.000183324 0.000463655
8.98 0.000182417 0.000461104
8.99 0.000181517 0.000458573
9.00 0.000180623 0.000456062
9.01 0.000179735 0.000453571
9.02 0.000178854 0.000451099
9.03 0.00017798 0.000448647
9.04 0.000177111 0.000446214
9.05 0.000176249 0.0004438
9.06 0.000175393 0.000441405
9.07 0.000174543 0.000439028
9.08 0.000173699 0.00043667
9.09 0.000172861 0.00043433
9.10 0.000172029 0.000432008
9.11 0.000171203 0.000429704
9.12 0.000170383 0.000427417
9.13 0.000169568 0.000425148
9.14 0.000168759 0.000422896
9.15 0.000167956 0.000420662
9.16 0.000167158 0.000418444
9.17 0.000166366 0.000416243
9.18 0.00016558 0.000414059
9.19 0.000164798 0.000411891
9.20 0.000164022 0.00040974
9.21 0.000163252 0.000407605
9.22 0.000162487 0.000405485
9.23 0.000161727 0.000403382
9.24 0.000160972 0.000401294
9.25 0.000160222 0.000399221
9.26 0.000159477 0.000397164
9.27 0.000158738 0.000395123
9.28 0.000158003 0.000393096
9.29 0.000157274 0.000391084
9.30 0.000156549 0.000389087
9.31 0.000155829 0.000387104
9.32 0.000155114 0.000385136
9.33 0.000154404 0.000383183
9.34 0.000153698 0.000381243
9.35 0.000152997 0.000379318
9.36 0.000152301 0.000377406
9.37 0.000151609 0.000375509
9.38 0.000150922 0.000373625
9.39 0.00015024 0.000371754
9.40 0.000149562 0.000369897
9.41 0.000148888 0.000368054
9.42 0.000148219 0.000366223
9.43 0.000147554 0.000364405
9.44 0.000146894 0.000362601
9.45 0.000146238 0.000360809
9.46 0.000145586 0.00035903
9.47 0.000144938 0.000357263
9.48 0.000144294 0.000355509
9.49 0.000143655 0.000353767
9.50 0.00014302 0.000352038
9.51 0.000142388 0.00035032
9.52 0.000141761 0.000348614
9.53 0.000141138 0.000346921
9.54 0.000140519 0.000345239
9.55 0.000139904 0.000343569
9.56 0.000139292 0.00034191
9.57 0.000138685 0.000340263
9.58 0.000138081 0.000338627
9.59 0.000137481 0.000337002
9.60 0.000136885 0.000335389
9.61 0.000136293 0.000333786
9.62 0.000135704 0.000332195
9.63 0.000135119 0.000330614
9.64 0.000134538 0.000329044
9.65 0.00013396 0.000327485
9.66 0.000133386 0.000325936
9.67 0.000132815 0.000324398
9.68 0.000132248 0.00032287
9.69 0.000131685 0.000321352
9.70 0.000131125 0.000319845
9.71 0.000130568 0.000318347
9.72 0.000130015 0.00031686
9.73 0.000129465 0.000315383
9.74 0.000128918 0.000313915
9.75 0.000128375 0.000312457
9.76 0.000127835 0.000311009
9.77 0.000127299 0.00030957
9.78 0.000126765 0.000308141
9.79 0.000126235 0.000306721
9.80 0.000125708 0.000305311
9.81 0.000125184 0.00030391
9.82 0.000124664 0.000302518
9.83 0.000124146 0.000301135
9.84 0.000123632 0.000299761
9.85 0.00012312 0.000298396
9.86 0.000122612 0.00029704
9.87 0.000122107 0.000295693
9.88 0.000121604 0.000294354
9.89 0.000121105 0.000293024
9.90 0.000120609 0.000291703
9.91 0.000120115 0.00029039
9.92 0.000119625 0.000289086
9.93 0.000119137 0.000287789
9.94 0.000118652 0.000286502
9.95 0.00011817 0.000285222
9.96 0.000117691 0.00028395
9.97 0.000117215 0.000282687
9.98 0.000116741 0.000281431
9.99 0.00011627 0.000280184
10.00 0.000115802 0.000278944
10.01 0.000115337 0.000277712
10.02 0.000114874 0.000276488
10.03 0.000114414 0.000275272
10.04 0.000113957 0.000274063
10.05 0.000113502 0.000272862
10.06 0.00011305 0.000271668
10.07 0.0001126 0.000270482
10.08 0.000112153 0.000269303
10.09 0.000111708 0.000268131
10.10 0.000111266 0.000266967
10.11 0.000110827 0.00026581
10.12 0.00011039 0.00026466
10.13 0.000109955 0.000263517
10.14 0.000109523 0.000262381
10.15 0.000109094 0.000261252
10.16 0.000108666 0.000260129
10.17 0.000108242 0.000259014
10.18 0.000107819 0.000257906
10.19 0.000107399 0.000256804
10.20 0.000106981 0.000255709
10.21 0.000106566 0.00025462
10.22 0.000106153 0.000253539
10.23 0.000105742 0.000252463
10.24 0.000105333 0.000251394
10.25 0.000104927 0.000250332
10.26 0.000104523 0.000249276
10.27 0.000104121 0.000248226
10.28 0.000103721 0.000247183
10.29 0.000103324 0.000246146
10.30 0.000102929 0.000245115
10.31 0.000102536 0.00024409
10.32 0.000102145 0.000243071
10.33 0.000101756 0.000242058
10.34 0.000101369 0.000241051
10.35 0.000100984 0.00024005
10.36 0.000100602 0.000239055
10.37 0.000100221 0.000238066
10.38 9.98429e-05 0.000237083
10.39 9.94665e-05 0.000236105
10.40 9.90921e-05 0.000235133
10.41 9.87198e-05 0.000234167
10.42 9.83494e-05 0.000233207
10.43 9.7981e-05 0.000232252
10.44 9.76146e-05 0.000231302
10.45 9.72502e-05 0.000230358
10.46 9.68876e-05 0.00022942
10.47 9.6527e-05 0.000228487
10.48 9.61683e-05 0.000227559
10.49 9.58115e-05 0.000226637
10.50 9.54566e-05 0.00022572
10.51 9.51036e-05 0.000224808
10.52 9.47524e-05 0.000223902
10.53 9.44031e-05 0.000223
10.54 9.40556e-05 0.000222104
10.55 9.37099e-05 0.000221213
10.56 9.33661e-05 0.000220327
10.57 9.3024e-05 0.000219446
10.58 9.26837e-05 0.00021857
10.59 9.23452e-05 0.000217698
10.60 9.20084e-05 0.000216832
10.61 9.16734e-05 0.000215971
10.62 9.13401e-05 0.000215114
10.63 9.10085e-05 0.000214263
10.64 9.06787e-05 0.000213416
10.65 9.03505e-05 0.000212574
10.66 9.00241e-05 0.000211736
10.67 8.96993e-05 0.000210903
10.68 8.93761e-05 0.000210075
10.69 8.90547e-05 0.000209252
10.70 8.87348e-05 0.000208433
10.71 8.84166e-05 0.000207618
10.72 8.81e-05 0.000206808
10.73 8.77851e-05 0.000206003
10.74 8.74717e-05 0.000205202
10.75 8.71599e-05 0.000204405
10.76 8.68497e-05 0.000203613
10.77 8.6541e-05 0.000202825
10.78 8.62339e-05 0.000202041
10.79 8.59284e-05 0.000201262
10.80 8.56244e-05 0.000200487
10.81 8.53219e-05 0.000199716
10.82 8.50209e-05 0.000198949
10.83 8.47214e-05 0.000198186
10.84 8.44235e-05 0.000197428
10.85 8.4127e-05 0.000196674
10.86 8.3832e-05 0.000195923
10.87 8.35384e-05 0.000195177
10.88 8.32463e-05 0.000194435
10.89 8.29557e-05 0.000193697
10.90 8.26664e-05 0.000192963
10.91 8.23787e-05 0.000192232
10.92 8.20923e-05 0.000191506
10.93 8.18073e-05 0.000190783
10.94 8.15238e-05 0.000190065
10.95 8.12416e-05 0.00018935
10.96 8.09608e-05 0.000188639
10.97 8.06814e-05 0.000187931
10.98 8.04034e-05 0.000187228
10.99 8.01267e-05 0.000186528
11.00 7.98513e-05 0.000185832
11.01 7.95773e-05 0.000185139
11.02 7.93046e-05 0.00018445
11.03 7.90333e-05 0.000183765
11.04 7.87632e-05 0.000183083
11.05 7.84945e-05 0.000182405
11.06 7.8227e-05 0.000181731
11.07 7.79609e-05 0.00018106
11.08 7.7696e-05 0.000180392
11.09 7.74324e-05 0.000179728
11.10 7.717e-05 0.000179067
11.11 7.69089e-05 0.00017841
11.12 7.66491e-05 0.000177756
11.13 7.63905e-05 0.000177106
11.14 7.61331e-05 0.000176459
11.15 7.5877e-05 0.000175815
11.16 7.5622e-05 0.000175175
11.17 7.53683e-05 0.000174537
11.18 7.51158e-05 0.000173904
11.19 7.48644e-05 0.000173273
11.20 7.46143e-05 0.000172645
11.21 7.43653e-05 0.000172021
11.22 7.41175e-05 0.0001714
11.23 7.38709e-05 0.000170782
11.24 7.36254e-05 0.000170168
11.25 7.33811e-05 0.000169556
11.26 7.31379e-05 0.000168947
11.27 7.28959e-05 0.000168342
11.28 7.26549e-05 0.000167739
11.29 7.24151e-05 0.00016714
11.30 7.21765e-05 0.000166544
11.31 7.19389e-05 0.00016595
11.32 7.17024e-05 0.00016536
11.33 7.1467e-05 0.000164772
11.34 7.12328e-05 0.000164188
11.35 7.09995e-05 0.000163606
11.36 7.07674e-05 0.000163028
11.37 7.05363e-05 0.000162452
11.38 7.03063e-05 0.000161879
11.39 7.00774e-05 0.000161309
11.40 6.98495e-05 0.000160741
11.41 6.96226e-05 0.000160177
11.42 6.93968e-05 0.000159615
11.43 6.9172e-05 0.000159056
11.44 6.89483e-05 0.0001585
11.45 6.87255e-05 0.000157947
11.46 6.85038e-05 0.000157396
11.47 6.82831e-05 0.000156848
11.48 6.80633e-05 0.000156303
11.49 6.78446e-05 0.00015576
11.50 6.76268e-05 0.00015522
11.51 6.74101e-05 0.000154682
11.52 6.71943e-05 0.000154148
11.53 6.69795e-05 0.000153615
11.54 6.67656e-05 0.000153086
11.55 6.65527e-05 0.000152559
11.56 6.63408e-05 0.000152034
11.57 6.61298e-05 0.000151512
11.58 6.59197e-05 0.000150993
11.59 6.57106e-05 0.000150476
11.60 6.55024e-05 0.000149961
11.61 6.52952e-05 0.000149449
11.62 6.50888e-05 0.00014894
11.63 6.48834e-05 0.000148433
11.64 6.46789e-05 0.000147928
11.65 6.44753e-05 0.000147426
11.66 6.42726e-05 0.000146926
11.67 6.40708e-05 0.000146429
11.68 6.38699e-05 0.000145933
11.69 6.36698e-05 0.000145441
11.70 6.34707e-05 0.00014495
11.71 6.32724e-05 0.000144462
11.72 6.30749e-05 0.000143976
11.73 6.28784e-05 0.000143493
11.74 6.26827e-05 0.000143011
11.75 6.24879e-05 0.000142532
11.76 6.22939e-05 0.000142056
11.77 6.21007e-05 0.000141581
11.78 6.19084e-05 0.000141109
11.79 6.17169e-05 0.000140639
11.80 6.15263e-05 0.000140171
11.81 6.13365e-05 0.000139705
11.82 6.11475e-05 0.000139242
11.83 6.09593e-05 0.00013878
11.84 6.07719e-05 0.000138321
11.85 6.05853e-05 0.000137864
11.86 6.03996e-05 0.000137409
11.87 6.02146e-05 0.000136956
11.88 6.00304e-05 0.000136505
11.89 5.9847e-05 0.000136057
11.90 5.96644e-05 0.00013561
11.91 5.94826e-05 0.000135166
11.92 5.93016e-05 0.000134723
11.93 5.91213e-05 0.000134282
11.94 5.89418e-05 0.000133844
11.95 5.8763e-05 0.000133407
11.96 5.8585e-05 0.000132973
11.97 5.84078e-05 0.00013254
11.98 5.82313e-05 0.00013211
11.99 5.80556e-05 0.000131681
12.00 5.78806e-05 0.000131255
12.01 5.77063e-05 0.00013083
12.02 5.75328e-05 0.000130407
12.03 5.736e-05 0.000129986
12.04 5.71879e-05 0.000129567
12.05 5.70166e-05 0.00012915
12.06 5.68459e-05 0.000128735
12.07 5.6676e-05 0.000128322
12.08 5.65068e-05 0.00012791
12.09 5.63383e-05 0.000127501
12.10 5.61705e-05 0.000127093
12.11 5.60034e-05 0.000126687
12.12 5.5837e-05 0.000126283
12.13 5.56713e-05 0.00012588
12.14 5.55062e-05 0.00012548
12.15 5.53419e-05 0.000125081
12.16 5.51782e-05 0.000124684
12.17 5.50152e-05 0.000124289
12.18 5.48529e-05 0.000123895
12.19 5.46913e-05 0.000123504
12.20 5.45303e-05 0.000123114
12.21 5.437e-05 0.000122725
12.22 5.42103e-05 0.000122339
12.23 5.40513e-05 0.000121954
12.24 5.38929e-05 0.000121571
12.25 5.37352e-05 0.000121189
12.26 5.35781e-05 0.000120809
12.27 5.34217e-05 0.000120431
12.28 5.32659e-05 0.000120055
12.29 5.31107e-05 0.00011968
12.30 5.29562e-05 0.000119307
12.31 5.28023e-05 0.000118935
12.32 5.2649e-05 0.000118565
12.33 5.24964e-05 0.000118197
12.34 5.23443e-05 0.00011783
12.35 5.21929e-05 0.000117465
12.36 5.20421e-05 0.000117101
12.37 5.18919e-05 0.000116739
12.38 5.17423e-05 0.000116379
12.39 5.15933e-05 0.00011602
12.40 5.14449e-05 0.000115662
12.41 5.1297e-05 0.000115307
12.42 5.11498e-05 0.000114952
12.43 5.10032e-05 0.0001146
12.44 5.08571e-05 0.000114248
12.45 5.07117e-05 0.000113899
12.46 5.05668e-05 0.00011355
12.47 5.04225e-05 0.000113203
12.48 5.02788e-05 0.000112858
12.49 5.01356e-05 0.000112514
12.50 4.9993e-05 0.000112172
12.51 4.9851e-05 0.000111831
12.52 4.97095e-05 0.000111492
12.53 4.95686e-05 0.000111154
12.54 4.94282e-05 0.000110817
12.55 4.92884e-05 0.000110482
12.56 4.91492e-05 0.000110148
12.57 4.90105e-05 0.000109816
12.58 4.88723e-05 0.000109485
12.59 4.87347e-05 0.000109155
12.60 4.85976e-05 0.000108827
12.61 4.84611e-05 0.0001085
12.62 4.8325e-05 0.000108175
12.63 4.81896e-05 0.000107851
12.64 4.80546e-05 0.000107528
12.65 4.79202e-05 0.000107206
12.66 4.77863e-05 0.000106886
12.67 4.76529e-05 0.000106568
12.68 4.752e-05 0.00010625
12.69 4.73877e-05 0.000105934
12.70 4.72559e-05 0.00010562
12.71 4.71245e-05 0.000105306
12.72 4.69937e-05 0.000104994
12.73 4.68634e-05 0.000104683
12.74 4.67336e-05 0.000104373
12.75 4.66043e-05 0.000104065
12.76 4.64755e-05 0.000103758
12.77 4.63471e-05 0.000103452
12.78 4.62193e-05 0.000103148
12.79 4.6092e-05 0.000102845
12.80 4.59651e-05 0.000102543
12.81 4.58387e-05 0.000102242
12.82 4.57129e-05 0.000101942
12.83 4.55875e-05 0.000101644
12.84 4.54625e-05 0.000101347
12.85 4.53381e-05 0.000101051
12.86 4.52141e-05 0.000100756
12.87 4.50906e-05 0.000100463
12.88 4.49676e-05 0.00010017
12.89 4.4845e-05 9.98791e-05
12.90 4.47229e-05 9.95892e-05
12.91 4.46012e-05 9.93004e-05
12.92 4.448e-05 9.90128e-05
12.93 4.43593e-05 9.87263e-05
12.94 4.4239e-05 9.8441e-05
12.95 4.41192e-05 9.81568e-05
12.96 4.39998e-05 9.78738e-05
12.97 4.38809e-05 9.75919e-05
12.98 4.37624e-05 9.73112e-05
12.99 4.36444e-05 9.70315e-05
13.00 4.35268e-05 9.6753e-05
13.01 4.34096e-05 9.64756e-05
13.02 4.32929e-05 9.61993e-05
13.03 4.31766e-05 9.59242e-05
13.04 4.30608e-05 9.56501e-05
13.05 4.29453e-05 9.5377e-05
13.06 4.28304e-05 9.51051e-05
13.07 4.27158e-05 9.48343e-05
13.08 4.26016e-05 9.45645e-05
13.09 4.24879e-05 9.42958e-05
13.10 4.23746e-05 9.40282e-05
13.11 4.22618e-05 9.37616e-05
13.12 4.21493e-05 9.34961e-05
13.13 4.20373e-05 9.32316e-05
13.14 4.19256e-05 9.29681e-05
13.15 4.18144e-05 9.27057e-05
13.16 4.17036e-05 9.24443e-05
13.17 4.15932e-05 9.2184e-05
13.18 4.14832e-05 9.19246e-05
13.19 4.13736e-05 9.16663e-05
13.20 4.12644e-05 9.1409e-05
13.21 4.11556e-05 9.11527e-05
13.22 4.10472e-05 9.08974e-05
13.23 4.09392e-05 9.06431e-05
13.24 4.08316e-05 9.03897e-05
13.25 4.07243e-05 9.01374e-05
13.26 4.06175e-05 8.9886e-05
13.27 4.05111e-05 8.96356e-05
13.28 4.0405e-05 8.93862e-05
13.29 4.02993e-05 8.91377e-05
13.30 4.0194e-05 8.88902e-05
13.31 4.00891e-05 8.86437e-05
13.32 3.99846e-05 8.83981e-05
13.33 3.98804e-05 8.81535e-05
13.34 3.97767e-05 8.79097e-05
13.35 3.96733e-05 8.7667e-05
13.36 3.95702e-05 8.74251e-05
13.37 3.94676e-05 8.71842e-05
13.38 3.93653e-05 8.69442e-05
13.39 3.92633e-05 8.67052e-05
13.40 3.91618e-05 8.6467e-05
13.41 3.90606e-05 8.62297e-05
13.42 3.89597e-05 8.59934e-05
13.43 3.88593e-05 8.57579e-05
13.44 3.87591e-05 8.55234e-05
13.45 3.86594e-05 8.52897e-05
13.46 3.856e-05 8.50569e-05
13.47 3.84609e-05 8.4825e-05
13.48 3.83622e-05 8.4594e-05
13.49 3.82639e-05 8.43639e-05
13.50 3.81659e-05 8.41346e-05
13.51 3.80682e-05 8.39062e-05
13.52 3.79709e-05 8.36786e-05
13.53 3.78739e-05 8.34519e-05
13.54 3.77773e-05 8.32261e-05
13.55 3.7681e-05 8.30011e-05
13.56 3.75851e-05 8.2777e-05
13.57 3.74895e-05 8.25536e-05
13.58 3.73942e-05 8.23312e-05
13.59 3.72993e-05 8.21095e-05
13.60 3.72047e-05 8.18887e-05
13.61 3.71104e-05 8.16687e-05
13.62 3.70164e-05 8.14495e-05
13.63 3.69228e-05 8.12312e-05
13.64 3.68295e-05 8.10136e-05
13.65 3.67366e-05 8.07969e-05
13.66 3.66439e-05 8.0581e-05
13.67 3.65516e-05 8.03658e-05
13.68 3.64596e-05 8.01515e-05
13.69 3.63679e-05 7.9938e-05
13.70 3.62766e-05 7.97252e-05
13.71 3.61856e-05 7.95132e-05
13.72 3.60948e-05 7.93021e-05
13.73 3.60044e-05 7.90917e-05
13.74 3.59143e-05 7.8882e-05
13.75 3.58245e-05 7.86732e-05
13.76 3.57351e-05 7.84651e-05
13.77 3.56459e-05 7.82577e-05
13.78 3.5557e-05 7.80511e-05
13.79 3.54685e-05 7.78453e-05
13.80 3.53802e-05 7.76402e-05
13.81 3.52923e-05 7.74359e-05
13.82 3.52046e-05 7.72324e-05
13.83 3.51173e-05 7.70295e-05
13.84 3.50302e-05 7.68274e-05
13.85 3.49435e-05 7.66261e-05
13.86 3.4857e-05 7.64254e-05
13.87 3.47709e-05 7.62255e-05
13.88 3.4685e-05 7.60264e-05
13.89 3.45994e-05 7.58279e-05
13.90 3.45142e-05 7.56302e-05
13.91 3.44292e-05 7.54331e-05
13.92 3.43445e-05 7.52368e-05
13.93 3.426e-05 7.50412e-05
13.94 3.41759e-05 7.48463e-05
13.95 3.40921e-05 7.46521e-05
13.96 3.40085e-05 7.44586e-05
13.97 3.39252e-05 7.42658e-05
13.98 3.38422e-05 7.40737e-05
13.99 3.37595e-05 7.38823e-05
14.00 3.36771e-05 7.36915e-05
14.01 3.35949e-05 7.35015e-05
14.02 3.3513e-05 7.33121e-05
14.03 3.34314e-05 7.31234e-05
14.04 3.33501e-05 7.29353e-05
14.05 3.3269e-05 7.2748e-05
14.06 3.31882e-05 7.25613e-05
14.07 3.31077e-05 7.23752e-05
14.08 3.30275e-05 7.21898e-05
14.09 3.29475e-05 7.20051e-05
14.10 3.28678e-05 7.18211e-05
14.11 3.27883e-05 7.16376e-05
14.12 3.27091e-05 7.14549e-05
14.13 3.26302e-05 7.12728e-05
14.14 3.25515e-05 7.10913e-05
14.15 3.24731e-05 7.09104e-05
14.16 3.2395e-05 7.07302e-05
14.17 3.23171e-05 7.05507e-05
14.18 3.22395e-05 7.03717e-05
14.19 3.21621e-05 7.01934e-05
14.20 3.2085e-05 7.00157e-05
14.21 3.20081e-05 6.98387e-05
14.22 3.19315e-05 6.96622e-05
14.23 3.18552e-05 6.94864e-05
14.24 3.17791e-05 6.93112e-05
14.25 3.17032e-05 6.91366e-05
14.26 3.16276e-05 6.89626e-05
14.27 3.15523e-05 6.87892e-05
14.28 3.14772e-05 6.86164e-05
14.29 3.14023e-05 6.84442e-05
14.30 3.13277e-05 6.82726e-05
14.31 3.12533e-05 6.81016e-05
14.32 3.11792e-05 6.79312e-05
14.33 3.11053e-05 6.77614e-05
14.34 3.10317e-05 6.75922e-05
14.35 3.09583e-05 6.74236e-05
14.36 3.08851e-05 6.72555e-05
14.37 3.08122e-05 6.7088e-05
14.38 3.07395e-05 6.69211e-05
14.39 3.0667e-05 6.67548e-05
14.40 3.05948e-05 6.6589e-05
14.41 3.05228e-05 6.64238e-05
14.42 3.04511e-05 6.62592e-05
14.43 3.03795e-05 6.60951e-05
14.44 3.03083e-05 6.59316e-05
14.45 3.02372e-05 6.57687e-05
14.46 3.01664e-05 6.56063e-05
14.47 3.00958e-05 6.54445e-05
14.48 3.00254e-05 6.52832e-05
14.49 2.99552e-05 6.51225e-05
14.50 2.98853e-05 6.49623e-05
14.51 2.98156e-05 6.48027e-05
14.52 2.97461e-05 6.46436e-05
14.53 2.96769e-05 6.4485e-05
14.54 2.96078e-05 6.4327e-05
14.55 2.9539e-05 6.41695e-05
14.56 2.94704e-05 6.40126e-05
14.57 2.94021e-05 6.38561e-05
14.58 2.93339e-05 6.37002e-05
14.59 2.9266e-05 6.35449e-05
14.60 2.91982e-05 6.339e-05
14.61 2.91307e-05 6.32357e-05
14.62 2.90634e-05 6.30819e-05
14.63 2.89964e-05 6.29286e-05
14.64 2.89295e-05 6.27758e-05
14.65 2.88628e-05 6.26236e-05
14.66 2.87964e-05 6.24718e-05
14.67 2.87302e-05 6.23206e-05
14.68 2.86641e-05 6.21698e-05
14.69 2.85983e-05 6.20196e-05
14.70 2.85327e-05 6.18699e-05
14.71 2.84673e-05 6.17206e-05
14.72 2.84021e-05 6.15719e-05
14.73 2.83371e-05 6.14236e-05
14.74 2.82723e-05 6.12759e-05
14.75 2.82078e-05 6.11286e-05
14.76 2.81434e-05 6.09818e-05
14.77 2.80792e-05 6.08356e-05
14.78 2.80152e-05 6.06898e-05
14.79 2.79514e-05 6.05444e-05
14.80 2.78879e-05 6.03996e-05
14.81 2.78245e-05 6.02552e-05
14.82 2.77613e-05 6.01113e-05
14.83 2.76983e-05 5.99679e-05
14.84 2.76355e-05 5.9825e-05
14.85 2.75729e-05 5.96825e-05
14.86 2.75105e-05 5.95405e-05
14.87 2.74483e-05 5.9399e-05
14.88 2.73863e-05 5.92579e-05
14.89 2.73245e-05 5.91173e-05
14.90 2.72629e-05 5.89771e-05
14.91 2.72014e-05 5.88374e-05
14.92 2.71402e-05 5.86982e-05
14.93 2.70791e-05 5.85594e-05
14.94 2.70183e-05 5.84211e-05
14.95 2.69576e-05 5.82832e-05
14.96 2.68971e-05 5.81458e-05
14.97 2.68368e-05 5.80088e-05
14.98 2.67766e-05 5.78723e-05
14.99 2.67167e-05 5.77362e-05
15.00 2.6657e-05 5.76005e-05
15.01 2.65974e-05 5.74653e-05
15.02 2.6538e-05 5.73305e-05
15.03 2.64788e-05 5.71962e-05
15.04 2.64198e-05 5.70623e-05
15.05 2.63609e-05 5.69288e-05
15.06 2.63022e-05 5.67958e-05
15.07 2.62438e-05 5.66631e-05
15.08 2.61855e-05 5.6531e-05
15.09 2.61273e-05 5.63992e-05
15.10 2.60694e-05 5.62679e-05
15.11 2.60116e-05 5.61369e-05
15.12 2.5954e-05 5.60064e-05
15.13 2.58966e-05 5.58763e-05
15.14 2.58393e-05 5.57467e-05
15.15 2.57822e-05 5.56174e-05
15.16 2.57253e-05 5.54886e-05
15.17 2.56686e-05 5.53602e-05
15.18 2.5612e-05 5.52321e-05
15.19 2.55556e-05 5.51045e-05
15.20 2.54994e-05 5.49773e-05
15.21 2.54434e-05 5.48505e-05
15.22 2.53875e-05 5.47241e-05
15.23 2.53318e-05 5.45981e-05
15.24 2.52762e-05 5.44725e-05
15.25 2.52208e-05 5.43473e-05
15.26 2.51656e-05 5.42225e-05
15.27 2.51106e-05 5.40981e-05
15.28 2.50557e-05 5.39741e-05
15.29 2.5001e-05 5.38505e-05
15.30 2.49464e-05 5.37273e-05
15.31 2.4892e-05 5.36044e-05
15.32 2.48378e-05 5.3482e-05
15.33 2.47837e-05 5.33599e-05
15.34 2.47298e-05 5.32382e-05
15.35 2.4676e-05 5.31169e-05
15.36 2.46225e-05 5.2996e-05
15.37 2.4569e-05 5.28754e-05
15.38 2.45158e-05 5.27553e-05
15.39 2.44626e-05 5.26355e-05
15.40 2.44097e-05 5.2516e-05
15.41 2.43569e-05 5.2397e-05
15.42 2.43043e-05 5.22783e-05
15.43 2.42518e-05 5.216e-05
15.44 2.41994e-05 5.20421e-05
15.45 2.41473e-05 5.19245e-05
15.46 2.40952e-05 5.18073e-05
15.47 2.40434e-05 5.16905e-05
15.48 2.39917e-05 5.1574e-05
15.49 2.39401e-05 5.14579e-05
15.50 2.38887e-05 5.13421e-05
15.51 2.38374e-05 5.12267e-05
15.52 2.37863e-05 5.11117e-05
15.53 2.37354e-05 5.0997e-05
15.54 2.36846e-05 5.08827e-05
15.55 2.36339e-05 5.07687e-05
15.56 2.35834e-05 5.06551e-05
15.57 2.3533e-05 5.05418e-05
15.58 2.34828e-05 5.04289e-05
15.59 2.34327e-05 5.03163e-05
15.60 2.33828e-05 5.0204e-05
15.61 2.3333e-05 5.00921e-05
15.62 2.32834e-05 4.99806e-05
15.63 2.32339e-05 4.98694e-05
15.64 2.31846e-05 4.97585e-05
15.65 2.31354e-05 4.9648e-05
15.66 2.30863e-05 4.95378e-05
15.67 2.30374e-05 4.94279e-05
15.68 2.29886e-05 4.93184e-05
15.69 2.294e-05 4.92092e-05
15.70 2.28915e-05 4.91004e-05
15.71 2.28431e-05 4.89919e-05
15.72 2.27949e-05 4.88837e-05
15.73 2.27468e-05 4.87758e-05
15.74 2.26989e-05 4.86683e-05
15.75 2.26511e-05 4.85611e-05
15.76 2.26034e-05 4.84542e-05
15.77 2.25559e-05 4.83476e-05
15.78 2.25085e-05 4.82414e-05
15.79 2.24613e-05 4.81355e-05
15.80 2.24142e-05 4.80299e-05
15.81 2.23672e-05 4.79246e-05
15.82 2.23203e-05 4.78196e-05
15.83 2.22736e-05 4.7715e-05
15.84 2.2227e-05 4.76106e-05
15.85 2.21806e-05 4.75066e-05
15.86 2.21343e-05 4.74029e-05
15.87 2.20881e-05 4.72995e-05
15.88 2.20421e-05 4.71964e-05
15.89 2.19962e-05 4.70936e-05
15.90 2.19504e-05 4.69912e-05
15.91 2.19047e-05 4.6889e-05
15.92 2.18592e-05 4.67871e-05
15.93 2.18138e-05 4.66856e-05
15.94 2.17685e-05 4.65843e-05
15.95 2.17234e-05 4.64834e-05
15.96 2.16784e-05 4.63827e-05
15.97 2.16335e-05 4.62824e-05
15.98 2.15887e-05 4.61823e-05
15.99 2.15441e-05 4.60826e-05
16.00 2.14996e-05 4.59831e-05
16.01 2.14552e-05 4.5884e-05
16.02 2.1411e-05 4.57851e-05
16.03 2.13668e-05 4.56865e-05
16.04 2.13228e-05 4.55882e-05
16.05 2.12789e-05 4.54902e-05
16.06 2.12352e-05 4.53925e-05
16.07 2.11916e-05 4.52951e-05
16.08 2.1148e-05 4.5198e-05
16.09 2.11047e-05 4.51011e-05
16.10 2.10614e-05 4.50046e-05
16.11 2.10182e-05 4.49083e-05
16.12 2.09752e-05 4.48123e-05
16.13 2.09323e-05 4.47166e-05
16.14 2.08895e-05 4.46211e-05
16.15 2.08469e-05 4.4526e-05
16.16 2.08043e-05 4.44311e-05
16.17 2.07619e-05 4.43365e-05
16.18 2.07196e-05 4.42422e-05
16.19 2.06774e-05 4.41482e-05
16.20 2.06353e-05 4.40544e-05
16.21 2.05933e-05 4.39609e-05
16.22 2.05515e-05 4.38677e-05
16.23 2.05098e-05 4.37747e-05
16.24 2.04682e-05 4.3682e-05
16.25 2.04267e-05 4.35896e-05
16.26 2.03853e-05 4.34975e-05
16.27 2.0344e-05 4.34056e-05
16.28 2.03029e-05 4.3314e-05
16.29 2.02618e-05 4.32226e-05
16.30 2.02209e-05 4.31316e-05
16.31 2.01801e-05 4.30407e-05
16.32 2.01394e-05 4.29502e-05
16.33 2.00988e-05 4.28599e-05
16.34 2.00583e-05 4.27699e-05
16.35 2.0018e-05 4.26801e-05
16.36 1.99777e-05 4.25906e-05
16.37 1.99376e-05 4.25013e-05
16.38 1.98975e-05 4.24123e-05
16.39 1.98576e-05 4.23236e-05
16.40 1.98178e-05 4.22351e-05
16.41 1.97781e-05 4.21468e-05
16.42 1.97385e-05 4.20589e-05
16.43 1.9699e-05 4.19711e-05
16.44 1.96596e-05 4.18836e-05
16.45 1.96203e-05 4.17964e-05
16.46 1.95812e-05 4.17094e-05
16.47 1.95421e-05 4.16227e-05
16.48 1.95031e-05 4.15362e-05
16.49 1.94643e-05 4.145e-05
16.50 1.94256e-05 4.1364e-05
16.51 1.93869e-05 4.12782e-05
16.52 1.93484e-05 4.11927e-05
16.53 1.931e-05 4.11075e-05
16.54 1.92716e-05 4.10224e-05
16.55 1.92334e-05 4.09377e-05
16.56 1.91953e-05 4.08531e-05
16.57 1.91573e-05 4.07688e-05
16.58 1.91194e-05 4.06848e-05
16.59 1.90816e-05 4.06009e-05
16.60 1.90439e-05 4.05173e-05
16.61 1.90062e-05 4.0434e-05
16.62 1.89687e-05 4.03509e-05
16.63 1.89313e-05 4.0268e-05
16.64 1.8894e-05 4.01853e-05
16.65 1.88568e-05 4.01029e-05
16.66 1.88197e-05 4.00207e-05
16.67 1.87827e-05 3.99388e-05
16.68 1.87458e-05 3.98571e-05
16.69 1.8709e-05 3.97756e-05
16.70 1.86723e-05 3.96943e-05
16.71 1.86357e-05 3.96133e-05
16.72 1.85992e-05 3.95325e-05
16.73 1.85628e-05 3.94519e-05
16.74 1.85265e-05 3.93715e-05
16.75 1.84902e-05 3.92914e-05
16.76 1.84541e-05 3.92115e-05
16.77 1.84181e-05 3.91318e-05
16.78 1.83822e-05 3.90523e-05
16.79 1.83463e-05 3.89731e-05
16.80 1.83106e-05 3.8894e-05
16.81 1.82749e-05 3.88152e-05
16.82 1.82394e-05 3.87366e-05
16.83 1.82039e-05 3.86583e-05
16.84 1.81686e-05 3.85801e-05
16.85 1.81333e-05 3.85022e-05
16.86 1.80981e-05 3.84245e-05
16.87 1.8063e-05 3.83469e-05
16.88 1.80281e-05 3.82697e-05
16.89 1.79932e-05 3.81926e-05
16.90 1.79584e-05 3.81157e-05
16.91 1.79236e-05 3.80391e-05
16.92 1.7889e-05 3.79626e-05
16.93 1.78545e-05 3.78864e-05
16.94 1.782e-05 3.78104e-05
16.95 1.77857e-05 3.77345e-05
16.96 1.77514e-05 3.76589e-05
16.97 1.77173e-05 3.75835e-05
16.98 1.76832e-05 3.75083e-05
16.99 1.76492e-05 3.74334e-05
17.00 1.76153e-05 3.73586e-05
17.01 1.75815e-05 3.7284e-05
17.02 1.75478e-05 3.72096e-05
17.03 1.75141e-05 3.71355e-05
17.04 1.74806e-05 3.70615e-05
17.05 1.74471e-05 3.69877e-05
17.06 1.74137e-05 3.69142e-05
17.07 1.73804e-05 3.68408e-05
17.08 1.73472e-05 3.67676e-05
17.09 1.73141e-05 3.66947e-05
17.10 1.72811e-05 3.66219e-05
17.11 1.72482e-05 3.65493e-05
17.12 1.72153e-05 3.6477e-05
17.13 1.71825e-05 3.64048e-05
17.14 1.71498e-05 3.63328e-05
17.15 1.71172e-05 3.6261e-05
17.16 1.70847e-05 3.61894e-05
17.17 1.70523e-05 3.6118e-05
17.18 1.70199e-05 3.60468e-05
17.19 1.69877e-05 3.59758e-05
17.20 1.69555e-05 3.5905e-05
17.21 1.69234e-05 3.58344e-05
17.22 1.68914e-05 3.57639e-05
17.23 1.68594e-05 3.56937e-05
17.24 1.68276e-05 3.56236e-05
17.25 1.67958e-05 3.55537e-05
17.26 1.67641e-05 3.5484e-05
17.27 1.67325e-05 3.54145e-05
17.28 1.6701e-05 3.53452e-05
17.29 1.66695e-05 3.52761e-05
17.30 1.66382e-05 3.52072e-05
17.31 1.66069e-05 3.51384e-05
17.32 1.65757e-05 3.50698e-05
17.33 1.65446e-05 3.50014e-05
17.34 1.65135e-05 3.49332e-05
17.35 1.64826e-05 3.48652e-05
17.36 1.64517e-05 3.47974e-05
17.37 1.64209e-05 3.47297e-05
17.38 1.63901e-05 3.46622e-05
17.39 1.63595e-05 3.45949e-05
17.40 1.63289e-05 3.45278e-05
17.41 1.62984e-05 3.44608e-05
17.42 1.6268e-05 3.4394e-05
17.43 1.62376e-05 3.43275e-05
17.44 1.62074e-05 3.4261e-05
17.45 1.61772e-05 3.41948e-05
17.46 1.61471e-05 3.41287e-05
17.47 1.6117e-05 3.40628e-05
17.48 1.60871e-05 3.39971e-05
17.49 1.60572e-05 3.39316e-05
17.50 1.60274e-05 3.38662e-05
17.51 1.59977e-05 3.3801e-05
17.52 1.5968e-05 3.3736e-05
17.53 1.59384e-05 3.36711e-05
17.54 1.59089e-05 3.36064e-05
17.55 1.58795e-05 3.35419e-05
17.56 1.58501e-05 3.34776e-05
17.57 1.58208e-05 3.34134e-05
17.58 1.57916e-05 3.33494e-05
17.59 1.57625e-05 3.32855e-05
17.60 1.57334e-05 3.32218e-05
17.61 1.57044e-05 3.31583e-05
17.62 1.56755e-05 3.3095e-05
17.63 1.56467e-05 3.30318e-05
17.64 1.56179e-05 3.29688e-05
17.65 1.55892e-05 3.29059e-05
17.66 1.55605e-05 3.28433e-05
17.67 1.5532e-05 3.27807e-05
17.68 1.55035e-05 3.27184e-05
17.69 1.54751e-05 3.26562e-05
17.70 1.54467e-05 3.25941e-05
17.71 1.54185e-05 3.25323e-05
17.72 1.53903e-05 3.24706e-05
17.73 1.53621e-05 3.2409e-05
17.74 1.5334e-05 3.23476e-05
17.75 1.53061e-05 3.22864e-05
17.76 1.52781e-05 3.22253e-05
17.77 1.52503e-05 3.21644e-05
17.78 1.52225e-05 3.21036e-05
17.79 1.51948e-05 3.2043e-05
17.80 1.51671e-05 3.19826e-05
17.81 1.51395e-05 3.19223e-05
17.82 1.5112e-05 3.18621e-05
17.83 1.50846e-05 3.18021e-05
17.84 1.50572e-05 3.17423e-05
17.85 1.50299e-05 3.16826e-05
17.86 1.50026e-05 3.16231e-05
17.87 1.49754e-05 3.15637e-05
17.88 1.49483e-05 3.15045e-05
17.89 1.49213e-05 3.14455e-05
17.90 1.48943e-05 3.13865e-05
17.91 1.48674e-05 3.13278e-05
17.92 1.48406e-05 3.12692e-05
17.93 1.48138e-05 3.12107e-05
17.94 1.47871e-05 3.11524e-05
17.95 1.47604e-05 3.10942e-05
17.96 1.47338e-05 3.10362e-05
17.97 1.47073e-05 3.09783e-05
17.98 1.46809e-05 3.09206e-05
17.99 1.46545e-05 3.08631e-05
18.00 1.46282e-05 3.08056e-05
18.01 1.46019e-05 3.07483e-05
18.02 1.45757e-05 3.06912e-05
18.03 1.45496e-05 3.06342e-05
18.04 1.45235e-05 3.05774e-05
18.05 1.44975e-05 3.05207e-05
18.06 1.44716e-05 3.04641e-05
18.07 1.44457e-05 3.04077e-05
18.08 1.44199e-05 3.03514e-05
18.09 1.43941e-05 3.02953e-05
18.10 1.43684e-05 3.02393e-05
18.11 1.43428e-05 3.01834e-05
18.12 1.43172e-05 3.01277e-05
18.13 1.42917e-05 3.00722e-05
18.14 1.42663e-05 3.00167e-05
18.15 1.42409e-05 2.99615e-05
18.16 1.42156e-05 2.99063e-05
18.17 1.41903e-05 2.98513e-05
18.18 1.41651e-05 2.97964e-05
18.19 1.414e-05 2.97417e-05
18.20 1.41149e-05 2.96871e-05
18.21 1.40899e-05 2.96326e-05
18.22 1.40649e-05 2.95783e-05
18.23 1.404e-05 2.95241e-05
18.24 1.40152e-05 2.94701e-05
18.25 1.39904e-05 2.94161e-05
18.26 1.39657e-05 2.93624e-05
18.27 1.39411e-05 2.93087e-05
18.28 1.39165e-05 2.92552e-05
18.29 1.38919e-05 2.92018e-05
18.30 1.38674e-05 2.91486e-05
18.31 1.3843e-05 2.90955e-05
18.32 1.38187e-05 2.90425e-05
18.33 1.37944e-05 2.89896e-05
18.34 1.37701e-05 2.89369e-05
18.35 1.37459e-05 2.88843e-05
18.36 1.37218e-05 2.88318e-05
18.37 1.36977e-05 2.87795e-05
18.38 1.36737e-05 2.87273e-05
18.39 1.36497e-05 2.86752e-05
18.40 1.36258e-05 2.86233e-05
18.41 1.3602e-05 2.85715e-05
18.42 1.35782e-05 2.85198e-05
18.43 1.35545e-05 2.84682e-05
18.44 1.35308e-05 2.84168e-05
18.45 1.35072e-05 2.83655e-05
18.46 1.34836e-05 2.83143e-05
18.47 1.34601e-05 2.82633e-05
18.48 1.34366e-05 2.82124e-05
18.49 1.34133e-05 2.81616e-05
18.50 1.33899e-05 2.81109e-05
18.51 1.33666e-05 2.80603e-05
18.52 1.33434e-05 2.80099e-05
18.53 1.33202e-05 2.79596e-05
18.54 1.32971e-05 2.79094e-05
18.55 1.3274e-05 2.78593e-05
18.56 1.3251e-05 2.78094e-05
18.57 1.3228e-05 2.77596e-05
18.58 1.32051e-05 2.77099e-05
18.59 1.31823e-05 2.76603e-05
18.60 1.31595e-05 2.76109e-05
18.61 1.31367e-05 2.75616e-05
18.62 1.31141e-05 2.75123e-05
18.63 1.30914e-05 2.74633e-05
18.64 1.30688e-05 2.74143e-05
18.65 1.30463e-05 2.73654e-05
18.66 1.30238e-05 2.73167e-05
18.67 1.30014e-05 2.72681e-05
18.68 1.2979e-05 2.72196e-05
18.69 1.29567e-05 2.71712e-05
18.70 1.29344e-05 2.7123e-05
18.71 1.29122e-05 2.70748e-05
18.72 1.289e-05 2.70268e-05
18.73 1.28679e-05 2.69789e-05
18.74 1.28459e-05 2.69311e-05
18.75 1.28238e-05 2.68834e-05
18.76 1.28019e-05 2.68358e-05
18.77 1.278e-05 2.67884e-05
18.78 1.27581e-05 2.6741e-05
18.79 1.27363e-05 2.66938e-05
18.80 1.27146e-05 2.66467e-05
18.81 1.26928e-05 2.65997e-05
18.82 1.26712e-05 2.65528e-05
18.83 1.26496e-05 2.65061e-05
18.84 1.2628e-05 2.64594e-05
18.85 1.26065e-05 2.64129e-05
18.86 1.25851e-05 2.63664e-05
18.87 1.25636e-05 2.63201e-05
18.88 1.25423e-05 2.62739e-05
18.89 1.2521e-05 2.62278e-05
18.90 1.24997e-05 2.61818e-05
18.91 1.24785e-05 2.61359e-05
18.92 1.24573e-05 2.60902e-05
18.93 1.24362e-05 2.60445e-05
18.94 1.24152e-05 2.59989e-05
18.95 1.23941e-05 2.59535e-05
18.96 1.23732e-05 2.59082e-05
18.97 1.23523e-05 2.58629e-05
18.98 1.23314e-05 2.58178e-05
18.99 1.23106e-05 2.57728e-05
19.00 1.22898e-05 2.57279e-05
19.01 1.22691e-05 2.56831e-05
19.02 1.22484e-05 2.56384e-05
19.03 1.22277e-05 2.55938e-05
19.04 1.22071e-05 2.55493e-05
19.05 1.21866e-05 2.5505e-05
19.06 1.21661e-05 2.54607e-05
19.07 1.21457e-05 2.54165e-05
19.08 1.21253e-05 2.53724e-05
19.09 1.21049e-05 2.53285e-05
19.10 1.20846e-05 2.52846e-05
19.11 1.20643e-05 2.52409e-05
19.12 1.20441e-05 2.51972e-05
19.13 1.2024e-05 2.51537e-05
19.14 1.20038e-05 2.51102e-05
19.15 1.19837e-05 2.50669e-05
19.16 1.19637e-05 2.50237e-05
19.17 1.19437e-05 2.49805e-05
19.18 1.19238e-05 2.49375e-05
19.19 1.19039e-05 2.48946e-05
19.20 1.1884e-05 2.48517e-05
19.21 1.18642e-05 2.4809e-05
19.22 1.18445e-05 2.47664e-05
19.23 1.18247e-05 2.47238e-05
19.24 1.18051e-05 2.46814e-05
19.25 1.17854e-05 2.46391e-05
19.26 1.17659e-05 2.45968e-05
19.27 1.17463e-05 2.45547e-05
19.28 1.17268e-05 2.45126e-05
19.29 1.17074e-05 2.44707e-05
19.30 1.1688e-05 2.44289e-05
19.31 1.16686e-05 2.43871e-05
19.32 1.16493e-05 2.43455e-05
19.33 1.163e-05 2.43039e-05
19.34 1.16108e-05 2.42625e-05
19.35 1.15916e-05 2.42211e-05
19.36 1.15724e-05 2.41798e-05
19.37 1.15533e-05 2.41387e-05
19.38 1.15342e-05 2.40976e-05
19.39 1.15152e-05 2.40566e-05
19.40 1.14962e-05 2.40157e-05
19.41 1.14773e-05 2.39749e-05
19.42 1.14584e-05 2.39342e-05
19.43 1.14396e-05 2.38937e-05
19.44 1.14207e-05 2.38531e-05
19.45 1.1402e-05 2.38127e-05
19.46 1.13833e-05 2.37724e-05
19.47 1.13646e-05 2.37322e-05
19.48 1.13459e-05 2.36921e-05
19.49 1.13273e-05 2.3652e-05
19.50 1.13088e-05 2.36121e-05
19.51 1.12902e-05 2.35722e-05
19.52 1.12718e-05 2.35324e-05
19.53 1.12533e-05 2.34928e-05
19.54 1.12349e-05 2.34532e-05
19.55 1.12166e-05 2.34137e-05
19.56 1.11983e-05 2.33743e-05
19.57 1.118e-05 2.3335e-05
19.58 1.11617e-05 2.32958e-05
19.59 1.11436e-05 2.32566e-05
19.60 1.11254e-05 2.32176e-05
19.61 1.11073e-05 2.31786e-05
19.62 1.10892e-05 2.31398e-05
19.63 1.10712e-05 2.3101e-05
19.64 1.10532e-05 2.30623e-05
19.65 1.10352e-05 2.30237e-05
19.66 1.10173e-05 2.29852e-05
19.67 1.09994e-05 2.29468e-05
19.68 1.09816e-05 2.29084e-05
19.69 1.09638e-05 2.28702e-05
19.70 1.0946e-05 2.2832e-05
19.71 1.09283e-05 2.27939e-05
19.72 1.09106e-05 2.2756e-05
19.73 1.0893e-05 2.27181e-05
19.74 1.08754e-05 2.26802e-05
19.75 1.08578e-05 2.26425e-05
19.76 1.08403e-05 2.26049e-05
19.77 1.08228e-05 2.25673e-05
19.78 1.08054e-05 2.25298e-05
19.79 1.0788e-05 2.24924e-05
19.80 1.07706e-05 2.24551e-05
19.81 1.07532e-05 2.24179e-05
19.82 1.0736e-05 2.23808e-05
19.83 1.07187e-05 2.23437e-05
19.84 1.07015e-05 2.23067e-05
19.85 1.06843e-05 2.22699e-05
19.86 1.06671e-05 2.2233e-05
19.87 1.065e-05 2.21963e-05
19.88 1.06329e-05 2.21597e-05
19.89 1.06159e-05 2.21231e-05
19.90 1.05989e-05 2.20866e-05
19.91 1.05819e-05 2.20503e-05
19.92 1.0565e-05 2.20139e-05
19.93 1.05481e-05 2.19777e-05
19.94 1.05313e-05 2.19416e-05
19.95 1.05145e-05 2.19055e-05
19.96 1.04977e-05 2.18695e-05
19.97 1.04809e-05 2.18336e-05
19.98 1.04642e-05 2.17978e-05
19.99 1.04476e-05 2.1762e-05
