# omega  S_X  S_M  (Lattice mean-field transverse S+/-; L=60, B/t=3)
0.00 1.54499e-18 -1.45649e-16
0.01 1.34963e-05 6.92166e-05
0.02 2.69955e-05 0.000138457
0.03 4.05002e-05 0.000207744
0.04 5.40133e-05 0.000277103
0.05 6.75376e-05 0.000346556
0.06 8.10759e-05 0.000416128
0.07 9.4631e-05 0.000485842
0.08 0.000108206 0.000555724
0.09 0.000121803 0.000625796
0.10 0.000135426 0.000696083
0.11 0.000149076 0.000766611
0.12 0.000162758 0.000837404
0.13 0.000176474 0.000908487
0.14 0.000190227 0.000979885
0.15 0.00020402 0.00105163
0.16 0.000217856 0.00112373
0.17 0.000231737 0.00119623
0.18 0.000245668 0.00126916
0.19 0.000259651 0.00134253
0.20 0.000273688 0.00141637
0.21 0.000287785 0.00149073
0.22 0.000301942 0.00156561
0.23 0.000316165 0.00164106
0.24 0.000330455 0.0017171
0.25 0.000344817 0.00179376
0.26 0.000359254 0.00187107
0.27 0.000373768 0.00194908
0.28 0.000388365 0.0020278
0.29 0.000403047 0.00210727
0.30 0.000417817 0.00218753
0.31 0.00043268 0.00226861
0.32 0.000447639 0.00235055
0.33 0.000462698 0.00243338
0.34 0.000477861 0.00251715
0.35 0.000493132 0.00260188
0.36 0.000508515 0.00268763
0.37 0.000524014 0.00277444
0.38 0.000539633 0.00286234
0.39 0.000555377 0.00295138
0.40 0.000571249 0.0030416
0.41 0.000587256 0.00313306
0.42 0.0006034 0.0032258
0.43 0.000619687 0.00331987
0.44 0.000636122 0.00341533
0.45 0.000652709 0.00351222
0.46 0.000669454 0.0036106
0.47 0.000686362 0.00371053
0.48 0.000703438 0.00381207
0.49 0.000720688 0.00391528
0.50 0.000738117 0.00402023
0.51 0.000755732 0.00412698
0.52 0.000773538 0.0042356
0.53 0.000791541 0.00434616
0.54 0.000809748 0.00445874
0.55 0.000828165 0.00457341
0.56 0.000846799 0.00469026
0.57 0.000865657 0.00480938
0.58 0.000884746 0.00493084
0.59 0.000904073 0.00505474
0.60 0.000923647 0.00518118
0.61 0.000943474 0.00531026
0.62 0.000963562 0.00544207
0.63 0.000983922 0.00557674
0.64 0.00100456 0.00571438
0.65 0.00102549 0.0058551
0.66 0.00104671 0.00599903
0.67 0.00106824 0.00614631
0.68 0.00109009 0.00629707
0.69 0.00111226 0.00645145
0.70 0.00113477 0.00660962
0.71 0.00115763 0.00677172
0.72 0.00118085 0.00693793
0.73 0.00120445 0.00710842
0.74 0.00122842 0.00728339
0.75 0.0012528 0.00746302
0.76 0.00127759 0.00764753
0.77 0.0013028 0.00783713
0.78 0.00132845 0.00803206
0.79 0.00135456 0.00823255
0.80 0.00138114 0.00843888
0.81 0.0014082 0.0086513
0.82 0.00143578 0.00887012
0.83 0.00146387 0.00909563
0.84 0.0014925 0.00932817
0.85 0.0015217 0.00956809
0.86 0.00155148 0.00981574
0.87 0.00158186 0.0100715
0.88 0.00161287 0.0103359
0.89 0.00164453 0.0106092
0.90 0.00167687 0.010892
0.91 0.00170991 0.0111848
0.92 0.00174367 0.0114881
0.93 0.0017782 0.0118025
0.94 0.00181351 0.0121286
0.95 0.00184965 0.0124671
0.96 0.00188664 0.0128188
0.97 0.00192453 0.0131843
0.98 0.00196334 0.0135645
0.99 0.00200312 0.0139604
1.00 0.00204392 0.0143728
1.01 0.00208577 0.0148029
1.02 0.00212874 0.0152518
1.03 0.00217286 0.0157207
1.04 0.00221819 0.0162109
1.05 0.00226479 0.0167239
1.06 0.00231272 0.0172613
1.07 0.00236206 0.0178248
1.08 0.00241286 0.0184163
1.09 0.00246521 0.0190379
1.10 0.00251919 0.0196919
1.11 0.00257489 0.0203808
1.12 0.0026324 0.0211073
1.13 0.00269182 0.0218745
1.14 0.00275327 0.0226858
1.15 0.00281686 0.0235449
1.16 0.00288273 0.0244561
1.17 0.00295103 0.0254239
1.18 0.0030219 0.0264537
1.19 0.00309552 0.0275513
1.20 0.00317207 0.0287232
1.21 0.00325177 0.0299769
1.22 0.00333484 0.0313208
1.23 0.00342153 0.0327646
1.24 0.00351213 0.0343192
1.25 0.00360695 0.0359971
1.26 0.00370635 0.0378126
1.27 0.00381072 0.0397826
1.28 0.00392051 0.0419263
1.29 0.00403624 0.0442662
1.30 0.00415848 0.0468287
1.31 0.0042879 0.0496451
1.32 0.00442528 0.0527521
1.33 0.00457151 0.0561939
1.34 0.00472764 0.0600233
1.35 0.0048949 0.0643041
1.36 0.00507476 0.0691143
1.37 0.00526895 0.0745492
1.38 0.00547958 0.0807271
1.39 0.0057092 0.0877954
1.40 0.00596093 0.0959399
1.41 0.00623864 0.105396
1.42 0.00654717 0.116468
1.43 0.00689262 0.129545
1.44 0.00728275 0.145137
1.45 0.00772754 0.163909
1.46 0.00823992 0.186733
1.47 0.00883665 0.214731
1.48 0.00953937 0.249311
1.49 0.0103756 0.292119
1.50 0.0113786 0.344795
1.51 0.0125855 0.408351
1.52 0.0140291 0.482089
1.53 0.0157237 0.56251
1.54 0.0176454 0.643341
1.55 0.0197196 0.717197
1.56 0.0218225 0.777399
1.57 0.0237946 0.818506
1.58 0.0254644 0.836676
1.59 0.0266893 0.830852
1.60 0.0273964 0.803491
1.61 0.0275893 0.759519
1.62 0.0273165 0.704222
1.63 0.0266398 0.64206
1.64 0.0256459 0.577345
1.65 0.0244841 0.515023
1.66 0.0233594 0.4599
1.67 0.0224647 0.41526
1.68 0.0219223 0.382412
1.69 0.0217815 0.36129
1.70 0.0220518 0.351343
1.71 0.0227352 0.352176
1.72 0.0238456 0.363865
1.73 0.025418 0.387054
1.74 0.0275116 0.422855
1.75 0.0302082 0.472442
1.76 0.0335995 0.536109
1.77 0.0377584 0.611724
1.78 0.0426888 0.693212
1.79 0.0482654 0.770677
1.80 0.0541961 0.832946
1.81 0.0600481 0.870901
1.82 0.0653532 0.879864
1.83 0.069759 0.86081
1.84 0.0731332 0.819781
1.85 0.0755316 0.765162
1.86 0.0770447 0.704337
1.87 0.0776712 0.642091
1.88 0.0773919 0.581597
1.89 0.076398 0.525938
1.90 0.0752434 0.478274
1.91 0.0747174 0.441065
1.92 0.0754765 0.415314
1.93 0.0777427 0.400241
1.94 0.0812337 0.393398
1.95 0.0852721 0.391259
1.96 0.0890253 0.390424
1.97 0.0918689 0.388996
1.98 0.0937838 0.387162
1.99 0.0955036 0.386791
2.00 0.0982114 0.39068
2.01 0.103059 0.40189
2.02 0.110874 0.423202
2.03 0.122056 0.456604
2.04 0.136448 0.502673
2.05 0.153124 0.559798
2.06 0.17035 0.623644
2.07 0.185981 0.687643
2.08 0.198051 0.744545
2.09 0.205154 0.787756
2.10 0.206706 0.811887
2.11 0.203248 0.813595
2.12 0.196457 0.792652
2.13 0.188673 0.751984
2.14 0.182279 0.696743
2.15 0.179295 0.633609
2.16 0.181263 0.570104
2.17 0.189335 0.512993
2.18 0.204329 0.466655
2.19 0.226484 0.4327
2.20 0.254777 0.410624
2.21 0.285937 0.398592
2.22 0.31393 0.393956
2.23 0.331296 0.393703
2.24 0.332524 0.395223
2.25 0.317153 0.397357
2.26 0.289927 0.401123
2.27 0.257996 0.409447
2.28 0.22762 0.426048
2.29 0.202571 0.454425
2.30 0.184352 0.49742
2.31 0.173113 0.556893
2.32 0.168357 0.632817
2.33 0.169167 0.721739
2.34 0.174079 0.815516
2.35 0.180897 0.901514
2.36 0.186781 0.964373
2.37 0.188744 0.98931
2.38 0.184589 0.967559
2.39 0.173897 0.90174
2.40 0.158318 0.80599
2.41 0.140712 0.699499
2.42 0.123758 0.5983
2.43 0.109075 0.511175
2.44 0.0972149 0.440595
2.45 0.0880985 0.385559
2.46 0.0814124 0.343873
2.47 0.0768323 0.313329
2.48 0.0741133 0.292163
2.49 0.0731076 0.279146
2.50 0.0737462 0.273526
2.51 0.0759883 0.274886
2.52 0.0797237 0.282901
2.53 0.0846428 0.296998
2.54 0.0901872 0.316046
2.55 0.0957262 0.338301
2.56 0.100844 0.361561
2.57 0.105412 0.383448
2.58 0.109499 0.402244
2.59 0.113324 0.417812
2.60 0.117107 0.431344
2.61 0.120869 0.444208
2.62 0.124379 0.456835
2.63 0.127289 0.468241
2.64 0.129324 0.476682
2.65 0.130315 0.480847
2.66 0.130141 0.480171
2.67 0.128746 0.474309
2.68 0.126269 0.463116
2.69 0.123082 0.447184
2.70 0.119607 0.428173
2.71 0.11602 0.408123
2.72 0.112162 0.388071
2.73 0.107847 0.367584
2.74 0.103296 0.345676
2.75 0.0992125 0.32185
2.76 0.0963847 0.296452
2.77 0.0952344 0.270675
2.78 0.0956221 0.246403
2.79 0.0969622 0.22546
2.80 0.0986755 0.208844
2.81 0.100711 0.196669
2.82 0.103556 0.188499
2.83 0.10773 0.183607
2.84 0.113388 0.181122
2.85 0.120311 0.180129
2.86 0.128136 0.179783
2.87 0.136652 0.179469
2.88 0.1459 0.178809
2.89 0.155915 0.177301
2.90 0.166654 0.174342
2.91 0.178478 0.170076
2.92 0.192324 0.165866
2.93 0.209029 0.163547
2.94 0.228572 0.164467
2.95 0.249876 0.169133
2.96 0.270997 0.177189
2.97 0.289598 0.187443
2.98 0.303682 0.197881
2.99 0.312217 0.205827
3.00 0.315007 0.208665
3.01 0.312089 0.205242
3.02 0.303427 0.196709
3.03 0.289214 0.185681
3.04 0.270484 0.174832
3.05 0.249232 0.166175
3.06 0.227796 0.160903
3.07 0.208118 0.159365
3.08 0.191276 0.161058
3.09 0.177289 0.164629
3.10 0.165321 0.168241
3.11 0.154435 0.17053
3.12 0.144269 0.17135
3.13 0.134864 0.171303
3.14 0.126186 0.170886
3.15 0.118193 0.170476
3.16 0.111096 0.170686
3.17 0.105256 0.172356
3.18 0.100892 0.176401
3.19 0.0978493 0.183686
3.20 0.0956057 0.194933
3.21 0.0936738 0.210577
3.22 0.0921036 0.230498
3.23 0.091473 0.253691
3.24 0.0923663 0.278328
3.25 0.0949217 0.302518
3.26 0.0987153 0.325061
3.27 0.102958 0.345603
3.28 0.106944 0.36463
3.29 0.11045 0.383118
3.30 0.113659 0.401488
3.31 0.116727 0.41869
3.32 0.119475 0.432666
3.33 0.121479 0.441739
3.34 0.12236 0.445294
3.35 0.121975 0.443453
3.36 0.120374 0.436529
3.37 0.117671 0.425054
3.38 0.114027 0.410296
3.39 0.109707 0.393951
3.40 0.105049 0.376942
3.41 0.10027 0.358768
3.42 0.0953307 0.337971
3.43 0.0899927 0.313253
3.44 0.0840128 0.284617
3.45 0.0772903 0.253617
3.46 0.0699165 0.222419
3.47 0.0622592 0.192961
3.48 0.0548881 0.166645
3.49 0.0482832 0.144161
3.50 0.0426527 0.125507
3.51 0.0379744 0.110254
3.52 0.0341156 0.0978233
3.53 0.0309192 0.0876561
3.54 0.0282414 0.0792802
3.55 0.0259658 0.0723204
3.56 0.0240055 0.0664876
3.57 0.0222994 0.0615619
3.58 0.0208052 0.057374
3.59 0.0194923 0.0537911
3.60 0.0183357 0.0507104
3.61 0.0173139 0.0480571
3.62 0.0164089 0.0457786
3.63 0.0156061 0.043837
3.64 0.0148941 0.0422091
3.65 0.0142638 0.0408896
3.66 0.0137079 0.0398847
3.67 0.0132196 0.0391982
3.68 0.0127911 0.0388187
3.69 0.0124145 0.0387081
3.70 0.0120808 0.0387934
3.71 0.0117806 0.0389725
3.72 0.0115063 0.0391493
3.73 0.0112545 0.0392917
3.74 0.0110263 0.0394724
3.75 0.0108245 0.0398521
3.76 0.0106519 0.0406131
3.77 0.0105096 0.0418978
3.78 0.0103975 0.0437833
3.79 0.0103146 0.0462804
3.80 0.0102587 0.0493457
3.81 0.0102269 0.052906
3.82 0.010216 0.0568799
3.83 0.0102226 0.0611649
3.84 0.0102412 0.0655977
3.85 0.0102646 0.0699244
3.86 0.0102848 0.0737935
3.87 0.0102943 0.0767861
3.88 0.0102877 0.0785142
3.89 0.010261 0.0787349
3.90 0.0102103 0.0773689
3.91 0.0101328 0.0744313
3.92 0.0100308 0.0700651
3.93 0.00991466 0.0646619
3.94 0.00979998 0.0588409
3.95 0.00970056 0.0532387
3.96 0.00962449 0.0482983
3.97 0.00957419 0.0442075
3.98 0.00954855 0.0409624
3.99 0.0095451 0.0384646
4.00 0.00956124 0.0365903
4.01 0.00959472 0.035225
4.02 0.00964382 0.0342748
4.03 0.00970729 0.0336676
4.04 0.00978429 0.03335
4.05 0.00987429 0.0332835
4.06 0.00997705 0.0334414
4.07 0.0100925 0.0338063
4.08 0.0102209 0.0343683
4.09 0.0103625 0.0351237
4.10 0.0105177 0.0360743
4.11 0.0106873 0.0372272
4.12 0.0108721 0.0385941
4.13 0.0110731 0.040192
4.14 0.0112914 0.0420434
4.15 0.0115286 0.0441773
4.16 0.0117863 0.0466296
4.17 0.0120666 0.0494454
4.18 0.0123719 0.0526803
4.19 0.0127052 0.056403
4.20 0.0130702 0.0606994
4.21 0.0134711 0.0656761
4.22 0.0139134 0.0714677
4.23 0.0144038 0.0782441
4.24 0.0149509 0.0862222
4.25 0.0155653 0.0956809
4.26 0.016261 0.106981
4.27 0.0170557 0.120594
4.28 0.0179724 0.137134
4.29 0.0190407 0.157402
4.30 0.0202972 0.182423
4.31 0.0217848 0.213467
4.32 0.0235462 0.25197
4.33 0.0256075 0.299279
4.34 0.0279483 0.356067
4.35 0.0304703 0.421486
4.36 0.0330011 0.49261
4.37 0.035354 0.564909
4.38 0.037396 0.633655
4.39 0.0390561 0.694706
4.40 0.0402879 0.743738
4.41 0.0410586 0.775573
4.42 0.0413812 0.785375
4.43 0.0413462 0.770761
4.44 0.041116 0.732846
4.45 0.0408846 0.675521
4.46 0.0408374 0.604269
4.47 0.0411284 0.525803
4.48 0.0418687 0.447538
4.49 0.0431257 0.375772
4.50 0.0449386 0.314025
4.51 0.0473405 0.263013
4.52 0.0503769 0.22174
4.53 0.0541188 0.18858
4.54 0.0586717 0.161898
4.55 0.0641855 0.140297
4.56 0.0708663 0.122662
4.57 0.0789917 0.108133
4.58 0.0889312 0.0960492
4.59 0.101167 0.0859089
4.60 0.116306 0.0773263
4.61 0.135061 0.070004
4.62 0.158141 0.0637108
4.63 0.185962 0.0582649
4.64 0.218124 0.0535227
4.65 0.252862 0.0493691
4.66 0.287063 0.0457111
4.67 0.317228 0.042473
4.68 0.340555 0.0395929
4.69 0.355241 0.0370197
4.70 0.360447 0.0347112
4.71 0.35658 0.0326321
4.72 0.345539 0.0307529
4.73 0.330354 0.0290482
4.74 0.314369 0.0274967
4.75 0.300669 0.0260803
4.76 0.292063 0.0247849
4.77 0.291107 0.023599
4.78 0.299821 0.0225136
4.79 0.319317 0.0215204
4.80 0.349307 0.0206106
4.81 0.387158 0.0197743
4.82 0.426783 0.0190002
4.83 0.458782 0.0182762
4.84 0.473466 0.0175905
4.85 0.465696 0.016934
4.86 0.437563 0.0163023
4.87 0.396775 0.0156968
4.88 0.352606 0.0151222
4.89 0.312408 0.0145824
4.90 0.280297 0.0140792
4.91 0.257685 0.0136115
4.92 0.244378 0.0131768
4.93 0.239311 0.0127719
4.94 0.240779 0.0123931
4.95 0.24648 0.0120371
4.96 0.253649 0.0117006
4.97 0.259365 0.0113809
4.98 0.261007 0.011076
4.99 0.256856 0.0107846
5.00 0.246468 0.0105062
5.01 0.230575 0.0102407
5.02 0.210811 0.00998807
5.03 0.189472 0.00974848
5.04 0.168989 0.00952181
5.05 0.151159 0.00930771
5.06 0.136796 0.00910568
5.07 0.125967 0.00891516
5.08 0.118391 0.00873565
5.09 0.11373 0.00856677
5.10 0.111731 0.00840828
5.11 0.112275 0.00826013
5.12 0.1154 0.00812244
5.13 0.121305 0.00799553
5.14 0.130351 0.00787987
5.15 0.143031 0.00777599
5.16 0.159882 0.00768424
5.17 0.181267 0.00760457
5.18 0.206966 0.00753648
5.19 0.235682 0.0074791
5.20 0.264782 0.00743116
5.21 0.290687 0.00739045
5.22 0.309956 0.00735322
5.23 0.320422 0.0073146
5.24 0.321579 0.0072702
5.25 0.314264 0.00721773
5.26 0.300322 0.00715785
5.27 0.282145 0.00709374
5.28 0.261943 0.00702903
5.29 0.241243 0.00696552
5.30 0.221058 0.00690281
5.31 0.202316 0.0068408
5.32 0.1859 0.0067823
5.33 0.172402 0.00673218
5.34 0.161953 0.00669472
5.35 0.15426 0.00667197
5.36 0.148805 0.00666414
5.37 0.145044 0.00667072
5.38 0.142509 0.00669124
5.39 0.140853 0.00672596
5.40 0.139917 0.00677712
5.41 0.139788 0.00684958
5.42 0.140833 0.00694998
5.43 0.143637 0.00708468
5.44 0.14881 0.00725627
5.45 0.156772 0.00745899
5.46 0.16766 0.00767622
5.47 0.181303 0.00788485
5.48 0.197115 0.00806543
5.49 0.213977 0.00820783
5.50 0.230546 0.00830826
5.51 0.245986 0.00836535
5.52 0.260292 0.00837971
5.53 0.273746 0.00835556
5.54 0.286284 0.00830211
5.55 0.297388 0.00823171
5.56 0.306302 0.00815563
5.57 0.31221 0.00808166
5.58 0.314544 0.00801614
5.59 0.313468 0.00796876
5.60 0.310018 0.00795609
5.61 0.305659 0.00799905
5.62 0.301753 0.00811559
5.63 0.299172 0.00831346
5.64 0.297861 0.00858485
5.65 0.296506 0.00890526
5.66 0.292753 0.00923936
5.67 0.284186 0.00955202
5.68 0.26995 0.00981777
5.69 0.251694 0.0100228
5.70 0.232474 0.0101584
5.71 0.21481 0.0102129
5.72 0.19979 0.0101723
5.73 0.18734 0.0100308
5.74 0.17685 0.00979785
5.75 0.167679 0.00949141
5.76 0.159415 0.00912522
5.77 0.151864 0.00870895
5.78 0.144974 0.00825986
5.79 0.138831 0.0078074
5.80 0.133605 0.00738385
5.81 0.129355 0.0070121
5.82 0.125871 0.00670136
5.83 0.122768 0.00645001
5.84 0.119654 0.0062508
5.85 0.116219 0.00609508
5.86 0.112276 0.00597531
5.87 0.107824 0.00588601
5.88 0.103035 0.00582371
5.89 0.0981824 0.00578645
5.90 0.0935641 0.00577336
5.91 0.0894446 0.00578417
5.92 0.086027 0.00581957
5.93 0.0834786 0.00588172
5.94 0.0819628 0.00597439
5.95 0.0816213 0.00610243
5.96 0.0825527 0.00627153
5.97 0.0848318 0.00648869
5.98 0.0885505 0.00676304
5.99 0.0938554 0.0071068
6.00 0.100977 0.00753644
6.01 0.110256 0.00807406
6.02 0.122171 0.00874905
6.03 0.13737 0.00959973
6.04 0.156695 0.0106742
6.05 0.181158 0.0120279
6.06 0.211815 0.0137139
6.07 0.249392 0.0157571
6.08 0.293526 0.0181085
6.09 0.341676 0.02059
6.10 0.388266 0.0228735
6.11 0.425235 0.0245462
6.12 0.444788 0.0252551
6.13 0.443432 0.024845
6.14 0.424346 0.0234184
6.15 0.395839 0.0212954
6.16 0.367194 0.0188886
6.17 0.345261 0.0165529
6.18 0.333397 0.0145004
6.19 0.33192 0.012805
6.20 0.338942 0.0114507
6.21 0.35136 0.0103807
6.22 0.365974 0.00952969
6.23 0.380097 0.00884118
6.24 0.391394 0.00827258
6.25 0.397669 0.00779271
6.26 0.397216 0.00737893
6.27 0.389439 0.00701613
6.28 0.375048 0.00669575
6.29 0.355601 0.0064137
6.30 0.332927 0.0061683
6.31 0.30908 0.00595883
6.32 0.286694 0.00578442
6.33 0.268727 0.00564329
6.34 0.257436 0.00553247
6.35 0.253449 0.00544784
6.36 0.25535 0.00538414
6.37 0.259689 0.00533498
6.38 0.261762 0.00529319
6.39 0.257312 0.00525177
6.40 0.244284 0.00520555
6.41 0.223502 0.00515296
6.42 0.197983 0.0050963
6.43 0.171403 0.00504005
6.44 0.146647 0.00498872
6.45 0.125193 0.00494525
6.46 0.10735 0.00491074
6.47 0.092788 0.00488493
6.48 0.0809615 0.0048669
6.49 0.0713244 0.00485562
6.50 0.063412 0.00485012
6.51 0.0568541 0.0048496
6.52 0.051364 0.0048534
6.53 0.0467224 0.00486103
6.54 0.042761 0.00487208
6.55 0.0393503 0.00488623
6.56 0.03639 0.00490324
6.57 0.0338013 0.0049229
6.58 0.0315223 0.00494505
6.59 0.0295033 0.00496957
6.60 0.0277046 0.00499634
6.61 0.0260938 0.0050253
6.62 0.0246443 0.00505637
6.63 0.0233343 0.0050895
6.64 0.0221456 0.00512466
6.65 0.021063 0.00516181
6.66 0.0200737 0.00520094
6.67 0.0191666 0.00524203
6.68 0.0183327 0.00528509
6.69 0.0175638 0.00533011
6.70 0.0168532 0.0053771
6.71 0.0161948 0.00542607
6.72 0.0155836 0.00547706
6.73 0.0150149 0.00553007
6.74 0.0144848 0.00558513
6.75 0.0139898 0.00564229
6.76 0.0135268 0.00570158
6.77 0.013093 0.00576303
6.78 0.0126861 0.0058267
6.79 0.0123039 0.00589264
6.80 0.0119443 0.00596089
6.81 0.0116057 0.00603152
6.82 0.0112866 0.0061046
6.83 0.0109853 0.00618018
6.84 0.0107008 0.00625835
6.85 0.0104319 0.00633917
6.86 0.0101774 0.00642273
6.87 0.00993647 0.00650912
6.88 0.00970821 0.00659842
6.89 0.00949182 0.00669075
6.90 0.00928658 0.00678619
6.91 0.00909184 0.00688486
6.92 0.00890698 0.00698688
6.93 0.00873144 0.00709237
6.94 0.00856473 0.00720146
6.95 0.00840637 0.00731428
6.96 0.00825592 0.00743099
6.97 0.008113 0.00755173
6.98 0.00797723 0.00767667
6.99 0.00784829 0.00780598
7.00 0.00772585 0.00793985
7.01 0.00760964 0.00807847
7.02 0.0074994 0.00822204
7.03 0.00739487 0.00837079
7.04 0.00729585 0.00852494
7.05 0.00720212 0.00868474
7.06 0.0071135 0.00885045
7.07 0.00702981 0.00902236
7.08 0.0069509 0.00920075
7.09 0.00687663 0.00938595
7.10 0.00680686 0.00957828
7.11 0.00674149 0.0097781
7.12 0.00668039 0.0099858
7.13 0.00662349 0.0102018
7.14 0.00657069 0.0104265
7.15 0.00652193 0.0106604
7.16 0.00647714 0.010904
7.17 0.00643628 0.0111578
7.18 0.0063993 0.0114224
7.19 0.00636616 0.0116985
7.20 0.00633686 0.0119866
7.21 0.00631137 0.0122875
7.22 0.00628969 0.012602
7.23 0.00627184 0.012931
7.24 0.00625783 0.0132752
7.25 0.00624769 0.0136358
7.26 0.00624146 0.0140137
7.27 0.00623918 0.0144101
7.28 0.00624094 0.0148263
7.29 0.00624679 0.0152636
7.30 0.00625683 0.0157235
7.31 0.00627116 0.0162076
7.32 0.0062899 0.0167178
7.33 0.00631318 0.0172559
7.34 0.00634115 0.0178242
7.35 0.00637399 0.0184249
7.36 0.00641188 0.0190608
7.37 0.00645503 0.0197345
7.38 0.00650369 0.0204495
7.39 0.00655811 0.0212091
7.40 0.0066186 0.0220174
7.41 0.00668548 0.0228787
7.42 0.00675911 0.023798
7.43 0.00683991 0.0247808
7.44 0.00692832 0.0258333
7.45 0.00702486 0.0269626
7.46 0.0071301 0.0281766
7.47 0.00724467 0.0294844
7.48 0.00736928 0.0308964
7.49 0.00750476 0.0324243
7.50 0.00765199 0.0340817
7.51 0.00781203 0.0358845
7.52 0.00798604 0.0378507
7.53 0.00817536 0.0400016
7.54 0.00838154 0.0423621
7.55 0.00860633 0.0449614
7.56 0.00885178 0.0478341
7.57 0.00912026 0.0510216
7.58 0.00941455 0.0545732
7.59 0.00973791 0.0585486
7.60 0.0100942 0.0630203
7.61 0.010488 0.0680769
7.62 0.0109248 0.073828
7.63 0.0114114 0.0804096
7.64 0.0119557 0.0879926
7.65 0.0125678 0.0967936
7.66 0.0132601 0.107089
7.67 0.0140481 0.119235
7.68 0.0149515 0.133696
7.69 0.0159952 0.151077
7.70 0.0172114 0.172175
7.71 0.018642 0.19803
7.72 0.0203407 0.229987
7.73 0.0223769 0.269717
7.74 0.0248374 0.319133
7.75 0.0278247 0.380022
7.76 0.0314467 0.45315
7.77 0.0357886 0.536745
7.78 0.0408636 0.625013
7.79 0.0465536 0.708273
7.80 0.0525721 0.775522
7.81 0.0584905 0.817777
7.82 0.0638441 0.830467
7.83 0.0682832 0.814653
7.84 0.0716776 0.776444
7.85 0.0740848 0.724283
7.86 0.0755969 0.665598
7.87 0.0762133 0.605209
7.88 0.0759159 0.546319
7.89 0.0748965 0.492035
7.90 0.0737094 0.445531
7.91 0.0731445 0.40928
7.92 0.0738584 0.384293
7.93 0.0760731 0.36979
7.94 0.0795064 0.363321
7.95 0.0834805 0.361348
7.96 0.0871628 0.360456
7.97 0.0899281 0.358722
7.98 0.0917565 0.356291
7.99 0.0933805 0.354981
8.00 0.0959818 0.357516
8.01 0.10071 0.366863
8.02 0.108391 0.38569
8.03 0.119421 0.415859
8.04 0.133639 0.457851
8.05 0.150121 0.51005
8.06 0.167133 0.568308
8.07 0.182537 0.626501
8.08 0.194383 0.678015
8.09 0.201279 0.716875
8.10 0.202651 0.738086
8.11 0.199044 0.738445
8.12 0.192131 0.717739
8.13 0.184247 0.678817
8.14 0.177772 0.626588
8.15 0.174721 0.567343
8.16 0.176626 0.508184
8.17 0.184634 0.455526
8.18 0.199554 0.413495
8.19 0.221619 0.383535
8.20 0.249804 0.365042
8.21 0.280834 0.356099
8.22 0.308672 0.353983
8.23 0.325856 0.35564
8.24 0.326873 0.358471
8.25 0.311262 0.361392
8.26 0.283771 0.365565
8.27 0.251549 0.374096
8.28 0.220859 0.390868
8.29 0.195476 0.419451
8.30 0.176898 0.462655
8.31 0.165269 0.522245
8.32 0.160081 0.59809
8.33 0.160409 0.686665
8.34 0.16478 0.779789
8.35 0.170993 0.864817
8.36 0.176196 0.926393
8.37 0.177399 0.949738
8.38 0.172394 0.926083
8.39 0.160752 0.858024
8.40 0.144107 0.75966
8.41 0.125301 0.65013
8.42 0.106993 0.54539
8.43 0.0907748 0.454121
8.44 0.0771692 0.378659
8.45 0.0660542 0.317837
8.46 0.0570553 0.269238
8.47 0.0497614 0.230367
8.48 0.0438111 0.199084
8.49 0.0389128 0.173687
8.50 0.0348403 0.152866
8.51 0.0314202 0.135627
8.52 0.0285201 0.121215
8.53 0.0260386 0.109053
8.54 0.0238972 0.0987016
8.55 0.022035 0.0898197
8.56 0.0204041 0.0821415
8.57 0.0189663 0.0754578
8.58 0.0176913 0.0696025
8.59 0.0165543 0.0644424
8.60 0.0155354 0.05987
8.61 0.0146181 0.0557978
8.62 0.0137887 0.0521539
8.63 0.0130358 0.0488791
8.64 0.0123499 0.045924
8.65 0.0117228 0.0432471
8.66 0.0111479 0.0408138
8.67 0.010619 0.0385944
8.68 0.0101313 0.036564
8.69 0.00968043 0.034701
8.70 0.00926251 0.0329869
8.71 0.00887429 0.0314057
8.72 0.0085129 0.0299437
8.73 0.0081758 0.0285887
8.74 0.00786076 0.0273302
8.75 0.00756582 0.0261589
8.76 0.00728921 0.0250666
8.77 0.00702939 0.0240462
8.78 0.00678495 0.0230913
8.79 0.00655464 0.0221962
8.80 0.00633736 0.0213557
8.81 0.00613208 0.0205655
8.82 0.00593791 0.0198213
8.83 0.00575401 0.0191197
8.84 0.00557964 0.0184572
8.85 0.00541412 0.0178309
8.86 0.00525684 0.0172381
8.87 0.00510722 0.0166764
8.88 0.00496477 0.0161436
8.89 0.004829 0.0156376
8.90 0.00469948 0.0151566
8.91 0.00457582 0.0146989
8.92 0.00445765 0.0142631
8.93 0.00434464 0.0138476
8.94 0.00423648 0.0134512
8.95 0.00413287 0.0130727
8.96 0.00403356 0.0127109
8.97 0.00393829 0.012365
8.98 0.00384685 0.0120338
8.99 0.00375901 0.0117167
9.00 0.00367458 0.0114127
9.01 0.00359338 0.0111211
9.02 0.00351524 0.0108413
9.03 0.00343999 0.0105725
9.04 0.00336749 0.0103142
9.05 0.00329761 0.0100659
9.06 0.0032302 0.00982698
9.07 0.00316514 0.00959699
9.08 0.00310233 0.00937546
9.09 0.00304165 0.00916198
9.10 0.00298301 0.00895615
9.11 0.0029263 0.00875759
9.12 0.00287145 0.00856596
9.13 0.00281835 0.00838092
9.14 0.00276695 0.00820217
9.15 0.00271716 0.00802941
9.16 0.0026689 0.00786238
9.17 0.00262212 0.00770081
9.18 0.00257675 0.00754445
9.19 0.00253274 0.00739309
9.20 0.00249002 0.0072465
9.21 0.00244854 0.00710448
9.22 0.00240825 0.00696684
9.23 0.0023691 0.00683338
9.24 0.00233106 0.00670394
9.25 0.00229406 0.00657836
9.26 0.00225808 0.00645647
9.27 0.00222308 0.00633813
9.28 0.00218901 0.00622319
9.29 0.00215584 0.00611153
9.30 0.00212355 0.00600302
9.31 0.00209208 0.00589753
9.32 0.00206143 0.00579496
9.33 0.00203155 0.00569518
9.34 0.00200242 0.00559811
9.35 0.00197401 0.00550363
9.36 0.0019463 0.00541165
9.37 0.00191926 0.00532209
9.38 0.00189288 0.00523486
9.39 0.00186712 0.00514987
9.40 0.00184196 0.00506705
9.41 0.0018174 0.00498632
9.42 0.0017934 0.00490761
9.43 0.00176994 0.00483085
9.44 0.00174702 0.00475597
9.45 0.00172462 0.00468292
9.46 0.00170271 0.00461162
9.47 0.00168128 0.00454203
9.48 0.00166031 0.00447409
9.49 0.0016398 0.00440775
9.50 0.00161973 0.00434295
9.51 0.00160009 0.00427964
9.52 0.00158085 0.00421778
9.53 0.00156202 0.00415732
9.54 0.00154357 0.00409823
9.55 0.0015255 0.00404045
9.56 0.0015078 0.00398395
9.57 0.00149045 0.00392869
9.58 0.00147344 0.00387464
9.59 0.00145677 0.00382175
9.60 0.00144043 0.00376999
9.61 0.0014244 0.00371933
9.62 0.00140868 0.00366974
9.63 0.00139326 0.00362119
9.64 0.00137813 0.00357365
9.65 0.00136328 0.00352709
9.66 0.00134871 0.00348147
9.67 0.00133441 0.00343678
9.68 0.00132037 0.003393
9.69 0.00130659 0.00335009
9.70 0.00129305 0.00330802
9.71 0.00127975 0.00326679
9.72 0.00126669 0.00322637
9.73 0.00125386 0.00318672
9.74 0.00124125 0.00314785
9.75 0.00122886 0.00310971
9.76 0.00121668 0.0030723
9.77 0.00120471 0.0030356
9.78 0.00119294 0.00299958
9.79 0.00118137 0.00296424
9.80 0.00116999 0.00292955
9.81 0.0011588 0.00289549
9.82 0.00114779 0.00286205
9.83 0.00113696 0.00282923
9.84 0.00112631 0.00279699
9.85 0.00111583 0.00276532
9.86 0.00110551 0.00273422
9.87 0.00109536 0.00270367
9.88 0.00108537 0.00267365
9.89 0.00107553 0.00264416
9.90 0.00106584 0.00261517
9.91 0.00105631 0.00258669
9.92 0.00104692 0.00255869
9.93 0.00103767 0.00253116
9.94 0.00102856 0.0025041
9.95 0.00101959 0.00247749
9.96 0.00101075 0.00245133
9.97 0.00100204 0.0024256
9.98 0.000993456 0.00240029
9.99 0.000985 0.00237539
10.00 0.000976665 0.0023509
10.01 0.000968451 0.00232681
10.02 0.000960354 0.0023031
10.03 0.000952371 0.00227977
10.04 0.000944501 0.00225682
10.05 0.000936742 0.00223422
10.06 0.00092909 0.00221198
10.07 0.000921544 0.00219008
10.08 0.000914102 0.00216853
10.09 0.000906761 0.0021473
10.10 0.00089952 0.00212641
10.11 0.000892377 0.00210583
10.12 0.00088533 0.00208556
10.13 0.000878376 0.0020656
10.14 0.000871515 0.00204593
10.15 0.000864743 0.00202656
10.16 0.000858061 0.00200748
10.17 0.000851465 0.00198868
10.18 0.000844955 0.00197015
10.19 0.000838528 0.0019519
10.20 0.000832184 0.00193391
10.21 0.00082592 0.00191618
10.22 0.000819735 0.0018987
10.23 0.000813628 0.00188147
10.24 0.000807597 0.00186449
10.25 0.000801642 0.00184775
10.26 0.000795759 0.00183124
10.27 0.000789949 0.00181496
10.28 0.00078421 0.00179891
10.29 0.000778541 0.00178308
10.30 0.00077294 0.00176747
10.31 0.000767406 0.00175207
10.32 0.000761939 0.00173689
10.33 0.000756536 0.00172191
10.34 0.000751197 0.00170713
10.35 0.000745921 0.00169255
10.36 0.000740707 0.00167816
10.37 0.000735553 0.00166396
10.38 0.000730459 0.00164996
10.39 0.000725424 0.00163613
10.40 0.000720446 0.00162249
10.41 0.000715525 0.00160903
10.42 0.00071066 0.00159574
10.43 0.000705849 0.00158262
10.44 0.000701093 0.00156967
10.45 0.00069639 0.00155688
10.46 0.000691738 0.00154426
10.47 0.000687139 0.0015318
10.48 0.000682589 0.00151949
10.49 0.00067809 0.00150734
10.50 0.000673639 0.00149534
10.51 0.000669237 0.0014835
10.52 0.000664882 0.00147179
10.53 0.000660574 0.00146023
10.54 0.000656312 0.00144882
10.55 0.000652095 0.00143754
10.56 0.000647922 0.0014264
10.57 0.000643794 0.00141539
10.58 0.000639708 0.00140452
10.59 0.000635666 0.00139377
10.60 0.000631665 0.00138316
10.61 0.000627705 0.00137267
10.62 0.000623787 0.0013623
10.63 0.000619908 0.00135206
10.64 0.000616069 0.00134194
10.65 0.000612268 0.00133193
10.66 0.000608506 0.00132204
10.67 0.000604782 0.00131227
10.68 0.000601095 0.00130261
10.69 0.000597445 0.00129305
10.70 0.000593831 0.00128361
10.71 0.000590253 0.00127428
10.72 0.000586709 0.00126505
10.73 0.000583201 0.00125592
10.74 0.000579726 0.0012469
10.75 0.000576285 0.00123798
10.76 0.000572878 0.00122916
10.77 0.000569503 0.00122044
10.78 0.00056616 0.00121181
10.79 0.000562849 0.00120327
10.80 0.00055957 0.00119484
10.81 0.000556322 0.00118649
10.82 0.000553104 0.00117823
10.83 0.000549916 0.00117006
10.84 0.000546758 0.00116199
10.85 0.00054363 0.00115399
10.86 0.00054053 0.00114609
10.87 0.000537459 0.00113826
10.88 0.000534416 0.00113052
10.89 0.000531401 0.00112287
10.90 0.000528413 0.00111529
10.91 0.000525453 0.00110779
10.92 0.000522519 0.00110037
10.93 0.000519611 0.00109303
10.94 0.00051673 0.00108576
10.95 0.000513874 0.00107857
10.96 0.000511044 0.00107145
10.97 0.000508238 0.00106441
10.98 0.000505458 0.00105744
10.99 0.000502702 0.00105054
11.00 0.00049997 0.0010437
11.01 0.000497261 0.00103694
11.02 0.000494577 0.00103025
11.03 0.000491915 0.00102362
11.04 0.000489277 0.00101706
11.05 0.000486661 0.00101056
11.06 0.000484067 0.00100413
11.07 0.000481495 0.000997759
11.08 0.000478946 0.000991453
11.09 0.000476418 0.000985209
11.10 0.000473911 0.000979025
11.11 0.000471425 0.000972902
11.12 0.00046896 0.000966838
11.13 0.000466516 0.000960833
11.14 0.000464091 0.000954885
11.15 0.000461687 0.000948995
11.16 0.000459303 0.00094316
11.17 0.000456938 0.000937381
11.18 0.000454593 0.000931657
11.19 0.000452267 0.000925987
11.20 0.000449959 0.000920371
11.21 0.000447671 0.000914807
11.22 0.0004454 0.000909295
11.23 0.000443148 0.000903835
11.24 0.000440914 0.000898425
11.25 0.000438698 0.000893065
11.26 0.0004365 0.000887755
11.27 0.000434319 0.000882493
11.28 0.000432155 0.00087728
11.29 0.000430008 0.000872114
11.30 0.000427878 0.000866995
11.31 0.000425765 0.000861923
11.32 0.000423668 0.000856896
11.33 0.000421588 0.000851915
11.34 0.000419523 0.000846978
11.35 0.000417475 0.000842086
11.36 0.000415442 0.000837237
11.37 0.000413425 0.000832431
11.38 0.000411423 0.000827668
11.39 0.000409437 0.000822947
11.40 0.000407465 0.000818267
11.41 0.000405509 0.000813629
11.42 0.000403567 0.00080903
11.43 0.00040164 0.000804472
11.44 0.000399727 0.000799954
11.45 0.000397829 0.000795475
11.46 0.000395944 0.000791034
11.47 0.000394074 0.000786631
11.48 0.000392218 0.000782266
11.49 0.000390375 0.000777939
11.50 0.000388546 0.000773648
11.51 0.00038673 0.000769394
11.52 0.000384927 0.000765176
11.53 0.000383138 0.000760993
11.54 0.000381361 0.000756846
11.55 0.000379598 0.000752733
11.56 0.000377847 0.000748655
11.57 0.000376109 0.00074461
11.58 0.000374383 0.0007406
11.59 0.000372669 0.000736622
11.60 0.000370968 0.000732677
11.61 0.000369279 0.000728765
11.62 0.000367602 0.000724885
11.63 0.000365936 0.000721037
11.64 0.000364283 0.00071722
11.65 0.000362641 0.000713434
11.66 0.00036101 0.000709678
11.67 0.000359391 0.000705953
11.68 0.000357783 0.000702258
11.69 0.000356187 0.000698593
11.70 0.000354601 0.000694957
11.71 0.000353026 0.00069135
11.72 0.000351462 0.000687772
11.73 0.000349909 0.000684222
11.74 0.000348367 0.0006807
11.75 0.000346835 0.000677206
11.76 0.000345313 0.00067374
11.77 0.000343802 0.000670301
11.78 0.000342301 0.000666888
11.79 0.00034081 0.000663503
11.80 0.000339329 0.000660143
11.81 0.000337859 0.00065681
11.82 0.000336397 0.000653502
11.83 0.000334946 0.00065022
11.84 0.000333504 0.000646963
11.85 0.000332072 0.000643731
11.86 0.00033065 0.000640524
11.87 0.000329236 0.000637341
11.88 0.000327832 0.000634183
11.89 0.000326438 0.000631048
11.90 0.000325052 0.000627937
11.91 0.000323676 0.000624849
11.92 0.000322308 0.000621785
11.93 0.000320949 0.000618744
11.94 0.000319599 0.000615725
11.95 0.000318258 0.000612729
11.96 0.000316926 0.000609755
11.97 0.000315601 0.000606803
11.98 0.000314286 0.000603873
11.99 0.000312979 0.000600965
12.00 0.00031168 0.000598078
12.01 0.00031039 0.000595212
12.02 0.000309107 0.000592367
12.03 0.000307833 0.000589543
12.04 0.000306567 0.000586739
12.05 0.000305308 0.000583955
12.06 0.000304058 0.000581192
12.07 0.000302816 0.000578449
12.08 0.000301581 0.000575725
12.09 0.000300354 0.000573021
12.10 0.000299134 0.000570337
12.11 0.000297922 0.000567671
12.12 0.000296718 0.000565025
12.13 0.000295521 0.000562397
12.14 0.000294331 0.000559788
12.15 0.000293149 0.000557197
12.16 0.000291974 0.000554625
12.17 0.000290806 0.00055207
12.18 0.000289645 0.000549534
12.19 0.000288491 0.000547015
12.20 0.000287345 0.000544513
12.21 0.000286205 0.00054203
12.22 0.000285072 0.000539563
12.23 0.000283946 0.000537113
12.24 0.000282826 0.000534681
12.25 0.000281714 0.000532265
12.26 0.000280608 0.000529865
12.27 0.000279508 0.000527482
12.28 0.000278415 0.000525116
12.29 0.000277329 0.000522765
12.30 0.000276249 0.000520431
12.31 0.000275175 0.000518112
12.32 0.000274108 0.000515809
12.33 0.000273047 0.000513521
12.34 0.000271992 0.000511249
12.35 0.000270943 0.000508992
12.36 0.000269901 0.00050675
12.37 0.000268864 0.000504523
12.38 0.000267834 0.000502311
12.39 0.000266809 0.000500114
12.40 0.000265791 0.000497931
12.41 0.000264778 0.000495763
12.42 0.000263771 0.000493609
12.43 0.00026277 0.000491469
12.44 0.000261775 0.000489343
12.45 0.000260785 0.000487231
12.46 0.000259801 0.000485133
12.47 0.000258823 0.000483049
12.48 0.00025785 0.000480978
12.49 0.000256883 0.00047892
12.50 0.000255921 0.000476876
12.51 0.000254964 0.000474845
12.52 0.000254013 0.000472827
12.53 0.000253067 0.000470823
12.54 0.000252127 0.000468831
12.55 0.000251192 0.000466851
12.56 0.000250262 0.000464884
12.57 0.000249337 0.00046293
12.58 0.000248417 0.000460988
12.59 0.000247503 0.000459059
12.60 0.000246593 0.000457142
12.61 0.000245689 0.000455236
12.62 0.000244789 0.000453343
12.63 0.000243895 0.000451462
12.64 0.000243005 0.000449592
12.65 0.00024212 0.000447734
12.66 0.00024124 0.000445888
12.67 0.000240365 0.000444053
12.68 0.000239494 0.00044223
12.69 0.000238629 0.000440417
12.70 0.000237768 0.000438616
12.71 0.000236911 0.000436827
12.72 0.00023606 0.000435048
12.73 0.000235212 0.00043328
12.74 0.00023437 0.000431523
12.75 0.000233532 0.000429776
12.76 0.000232698 0.00042804
12.77 0.000231869 0.000426315
12.78 0.000231044 0.0004246
12.79 0.000230224 0.000422896
12.80 0.000229408 0.000421202
12.81 0.000228596 0.000419518
12.82 0.000227788 0.000417844
12.83 0.000226985 0.00041618
12.84 0.000226186 0.000414526
12.85 0.000225391 0.000412882
12.86 0.000224601 0.000411248
12.87 0.000223814 0.000409624
12.88 0.000223032 0.000408009
12.89 0.000222254 0.000406404
12.90 0.000221479 0.000404808
12.91 0.000220709 0.000403222
12.92 0.000219943 0.000401645
12.93 0.000219181 0.000400077
12.94 0.000218422 0.000398519
12.95 0.000217668 0.000396969
12.96 0.000216917 0.000395429
12.97 0.00021617 0.000393897
12.98 0.000215428 0.000392375
12.99 0.000214688 0.000390861
13.00 0.000213953 0.000389356
13.01 0.000213221 0.00038786
13.02 0.000212493 0.000386372
13.03 0.000211769 0.000384893
13.04 0.000211049 0.000383422
13.05 0.000210332 0.00038196
13.06 0.000209618 0.000380506
13.07 0.000208909 0.00037906
13.08 0.000208203 0.000377623
13.09 0.0002075 0.000376194
13.10 0.000206801 0.000374773
13.11 0.000206105 0.00037336
13.12 0.000205413 0.000371954
13.13 0.000204724 0.000370557
13.14 0.000204039 0.000369168
13.15 0.000203357 0.000367786
13.16 0.000202678 0.000366412
13.17 0.000202003 0.000365046
13.18 0.000201331 0.000363688
13.19 0.000200663 0.000362337
13.20 0.000199997 0.000360993
13.21 0.000199335 0.000359657
13.22 0.000198677 0.000358328
13.23 0.000198021 0.000357007
13.24 0.000197369 0.000355693
13.25 0.000196719 0.000354386
13.26 0.000196073 0.000353086
13.27 0.00019543 0.000351793
13.28 0.000194791 0.000350508
13.29 0.000194154 0.000349229
13.30 0.00019352 0.000347958
13.31 0.00019289 0.000346693
13.32 0.000192262 0.000345435
13.33 0.000191637 0.000344184
13.34 0.000191016 0.00034294
13.35 0.000190397 0.000341702
13.36 0.000189782 0.000340471
13.37 0.000189169 0.000339247
13.38 0.000188559 0.000338029
13.39 0.000187952 0.000336818
13.40 0.000187348 0.000335613
13.41 0.000186747 0.000334415
13.42 0.000186148 0.000333223
13.43 0.000185553 0.000332037
13.44 0.00018496 0.000330858
13.45 0.00018437 0.000329684
13.46 0.000183783 0.000328517
13.47 0.000183198 0.000327357
13.48 0.000182617 0.000326202
13.49 0.000182038 0.000325053
13.50 0.000181461 0.00032391
13.51 0.000180888 0.000322774
13.52 0.000180317 0.000321643
13.53 0.000179748 0.000320518
13.54 0.000179183 0.000319399
13.55 0.00017862 0.000318285
13.56 0.000178059 0.000317178
13.57 0.000177501 0.000316076
13.58 0.000176946 0.00031498
13.59 0.000176393 0.000313889
13.60 0.000175843 0.000312805
13.61 0.000175295 0.000311725
13.62 0.000174749 0.000310651
13.63 0.000174207 0.000309583
13.64 0.000173666 0.00030852
13.65 0.000173128 0.000307463
13.66 0.000172593 0.000306411
13.67 0.00017206 0.000305364
13.68 0.000171529 0.000304323
13.69 0.000171001 0.000303286
13.70 0.000170475 0.000302255
13.71 0.000169952 0.00030123
13.72 0.000169431 0.000300209
13.73 0.000168912 0.000299194
13.74 0.000168395 0.000298183
13.75 0.000167881 0.000297178
13.76 0.000167369 0.000296177
13.77 0.00016686 0.000295182
13.78 0.000166352 0.000294192
13.79 0.000165847 0.000293206
13.80 0.000165344 0.000292225
13.81 0.000164844 0.00029125
13.82 0.000164345 0.000290279
13.83 0.000163849 0.000289313
13.84 0.000163355 0.000288351
13.85 0.000162863 0.000287394
13.86 0.000162373 0.000286442
13.87 0.000161886 0.000285495
13.88 0.0001614 0.000284552
13.89 0.000160917 0.000283614
13.90 0.000160436 0.000282681
13.91 0.000159957 0.000281752
13.92 0.00015948 0.000280827
13.93 0.000159005 0.000279907
13.94 0.000158532 0.000278992
13.95 0.000158061 0.00027808
13.96 0.000157592 0.000277174
13.97 0.000157125 0.000276271
13.98 0.000156661 0.000275373
13.99 0.000156198 0.000274479
14.00 0.000155737 0.00027359
14.01 0.000155278 0.000272704
14.02 0.000154821 0.000271823
14.03 0.000154366 0.000270947
14.04 0.000153913 0.000270074
14.05 0.000153462 0.000269205
14.06 0.000153013 0.000268341
14.07 0.000152566 0.000267481
14.08 0.000152121 0.000266624
14.09 0.000151677 0.000265772
14.10 0.000151236 0.000264924
14.11 0.000150796 0.00026408
14.12 0.000150358 0.000263239
14.13 0.000149922 0.000262403
14.14 0.000149488 0.000261571
14.15 0.000149056 0.000260742
14.16 0.000148625 0.000259917
14.17 0.000148196 0.000259096
14.18 0.00014777 0.000258279
14.19 0.000147344 0.000257466
14.20 0.000146921 0.000256657
14.21 0.000146499 0.000255851
14.22 0.000146079 0.000255049
14.23 0.000145661 0.00025425
14.24 0.000145245 0.000253456
14.25 0.00014483 0.000252665
14.26 0.000144417 0.000251877
14.27 0.000144006 0.000251094
14.28 0.000143596 0.000250313
14.29 0.000143189 0.000249537
14.30 0.000142782 0.000248764
14.31 0.000142378 0.000247994
14.32 0.000141975 0.000247228
14.33 0.000141574 0.000246465
14.34 0.000141174 0.000245706
14.35 0.000140776 0.00024495
14.36 0.00014038 0.000244198
14.37 0.000139985 0.000243449
14.38 0.000139592 0.000242703
14.39 0.0001392 0.000241961
14.40 0.000138811 0.000241222
14.41 0.000138422 0.000240486
14.42 0.000138035 0.000239754
14.43 0.00013765 0.000239025
14.44 0.000137266 0.000238299
14.45 0.000136884 0.000237577
14.46 0.000136504 0.000236857
14.47 0.000136125 0.000236141
14.48 0.000135747 0.000235428
14.49 0.000135371 0.000234718
14.50 0.000134996 0.000234011
14.51 0.000134623 0.000233308
14.52 0.000134252 0.000232607
14.53 0.000133882 0.00023191
14.54 0.000133513 0.000231215
14.55 0.000133146 0.000230524
14.56 0.00013278 0.000229836
14.57 0.000132416 0.00022915
14.58 0.000132053 0.000228468
14.59 0.000131691 0.000227788
14.60 0.000131332 0.000227112
14.61 0.000130973 0.000226438
14.62 0.000130616 0.000225768
14.63 0.00013026 0.0002251
14.64 0.000129906 0.000224435
14.65 0.000129553 0.000223774
14.66 0.000129201 0.000223114
14.67 0.000128851 0.000222458
14.68 0.000128502 0.000221805
14.69 0.000128154 0.000221154
14.70 0.000127808 0.000220506
14.71 0.000127464 0.000219861
14.72 0.00012712 0.000219219
14.73 0.000126778 0.000218579
14.74 0.000126437 0.000217942
14.75 0.000126098 0.000217308
14.76 0.000125759 0.000216677
14.77 0.000125422 0.000216048
14.78 0.000125087 0.000215422
14.79 0.000124753 0.000214798
14.80 0.00012442 0.000214178
14.81 0.000124088 0.000213559
14.82 0.000123757 0.000212944
14.83 0.000123428 0.000212331
14.84 0.0001231 0.00021172
14.85 0.000122773 0.000211112
14.86 0.000122448 0.000210507
14.87 0.000122124 0.000209904
14.88 0.000121801 0.000209304
14.89 0.000121479 0.000208706
14.90 0.000121158 0.00020811
14.91 0.000120839 0.000207517
14.92 0.000120521 0.000206927
14.93 0.000120204 0.000206339
14.94 0.000119888 0.000205753
14.95 0.000119574 0.00020517
14.96 0.00011926 0.00020459
14.97 0.000118948 0.000204011
14.98 0.000118637 0.000203435
14.99 0.000118327 0.000202862
15.00 0.000118018 0.00020229
15.01 0.000117711 0.000201721
15.02 0.000117404 0.000201155
15.03 0.000117099 0.000200591
15.04 0.000116795 0.000200029
15.05 0.000116492 0.000199469
15.06 0.00011619 0.000198911
15.07 0.000115889 0.000198356
15.08 0.00011559 0.000197803
15.09 0.000115291 0.000197253
15.10 0.000114994 0.000196704
15.11 0.000114697 0.000196158
15.12 0.000114402 0.000195614
15.13 0.000114108 0.000195072
15.14 0.000113815 0.000194532
15.15 0.000113523 0.000193995
15.16 0.000113232 0.00019346
15.17 0.000112942 0.000192926
15.18 0.000112653 0.000192395
15.19 0.000112365 0.000191866
15.20 0.000112079 0.000191339
15.21 0.000111793 0.000190815
15.22 0.000111508 0.000190292
15.23 0.000111225 0.000189771
15.24 0.000110942 0.000189253
15.25 0.000110661 0.000188736
15.26 0.00011038 0.000188222
15.27 0.000110101 0.00018771
15.28 0.000109822 0.000187199
15.29 0.000109545 0.000186691
15.30 0.000109268 0.000186184
15.31 0.000108993 0.00018568
15.32 0.000108718 0.000185178
15.33 0.000108445 0.000184677
15.34 0.000108172 0.000184179
15.35 0.0001079 0.000183682
15.36 0.00010763 0.000183188
15.37 0.00010736 0.000182695
15.38 0.000107092 0.000182204
15.39 0.000106824 0.000181715
15.40 0.000106557 0.000181228
15.41 0.000106291 0.000180743
15.42 0.000106026 0.00018026
15.43 0.000105762 0.000179779
15.44 0.000105499 0.000179299
15.45 0.000105237 0.000178822
15.46 0.000104976 0.000178346
15.47 0.000104716 0.000177872
15.48 0.000104457 0.0001774
15.49 0.000104198 0.000176929
15.50 0.000103941 0.000176461
15.51 0.000103684 0.000175994
15.52 0.000103429 0.000175529
15.53 0.000103174 0.000175066
15.54 0.00010292 0.000174605
15.55 0.000102667 0.000174145
15.56 0.000102415 0.000173687
15.57 0.000102164 0.000173231
15.58 0.000101913 0.000172776
15.59 0.000101664 0.000172324
15.60 0.000101415 0.000171873
15.61 0.000101168 0.000171423
15.62 0.000100921 0.000170976
15.63 0.000100675 0.00017053
15.64 0.000100429 0.000170086
15.65 0.000100185 0.000169643
15.66 9.99416e-05 0.000169202
15.67 9.96989e-05 0.000168763
15.68 9.94571e-05 0.000168325
15.69 9.92161e-05 0.000167889
15.70 9.8976e-05 0.000167455
15.71 9.87367e-05 0.000167022
15.72 9.84982e-05 0.000166591
15.73 9.82605e-05 0.000166161
15.74 9.80236e-05 0.000165733
15.75 9.77875e-05 0.000165307
15.76 9.75523e-05 0.000164882
15.77 9.73178e-05 0.000164459
15.78 9.70842e-05 0.000164038
15.79 9.68513e-05 0.000163617
15.80 9.66192e-05 0.000163199
15.81 9.63879e-05 0.000162782
15.82 9.61574e-05 0.000162366
15.83 9.59277e-05 0.000161953
15.84 9.56988e-05 0.00016154
15.85 9.54706e-05 0.000161129
15.86 9.52432e-05 0.00016072
15.87 9.50166e-05 0.000160312
15.88 9.47907e-05 0.000159905
15.89 9.45656e-05 0.000159501
15.90 9.43413e-05 0.000159097
15.91 9.41177e-05 0.000158695
15.92 9.38949e-05 0.000158295
15.93 9.36728e-05 0.000157895
15.94 9.34514e-05 0.000157498
15.95 9.32308e-05 0.000157102
15.96 9.30109e-05 0.000156707
15.97 9.27918e-05 0.000156314
15.98 9.25734e-05 0.000155922
15.99 9.23557e-05 0.000155531
16.00 9.21388e-05 0.000155142
16.01 9.19225e-05 0.000154754
16.02 9.1707e-05 0.000154368
16.03 9.14922e-05 0.000153983
16.04 9.12781e-05 0.0001536
16.05 9.10647e-05 0.000153217
16.06 9.08521e-05 0.000152837
16.07 9.06401e-05 0.000152457
16.08 9.04288e-05 0.000152079
16.09 9.02182e-05 0.000151702
16.10 9.00083e-05 0.000151327
16.11 8.97992e-05 0.000150953
16.12 8.95906e-05 0.00015058
16.13 8.93828e-05 0.000150208
16.14 8.91757e-05 0.000149838
16.15 8.89692e-05 0.000149469
16.16 8.87634e-05 0.000149102
16.17 8.85583e-05 0.000148736
16.18 8.83539e-05 0.000148371
16.19 8.81501e-05 0.000148007
16.20 8.7947e-05 0.000147645
16.21 8.77445e-05 0.000147284
16.22 8.75427e-05 0.000146924
16.23 8.73416e-05 0.000146565
16.24 8.71411e-05 0.000146208
16.25 8.69412e-05 0.000145852
16.26 8.6742e-05 0.000145497
16.27 8.65435e-05 0.000145143
16.28 8.63456e-05 0.000144791
16.29 8.61483e-05 0.00014444
16.30 8.59517e-05 0.00014409
16.31 8.57557e-05 0.000143741
16.32 8.55603e-05 0.000143394
16.33 8.53656e-05 0.000143047
16.34 8.51714e-05 0.000142702
16.35 8.49779e-05 0.000142358
16.36 8.47851e-05 0.000142016
16.37 8.45928e-05 0.000141674
16.38 8.44012e-05 0.000141334
16.39 8.42101e-05 0.000140995
16.40 8.40197e-05 0.000140657
16.41 8.38299e-05 0.00014032
16.42 8.36407e-05 0.000139984
16.43 8.34521e-05 0.000139649
16.44 8.32641e-05 0.000139316
16.45 8.30766e-05 0.000138984
16.46 8.28898e-05 0.000138652
16.47 8.27036e-05 0.000138322
16.48 8.2518e-05 0.000137993
16.49 8.23329e-05 0.000137666
16.50 8.21484e-05 0.000137339
16.51 8.19646e-05 0.000137013
16.52 8.17813e-05 0.000136689
16.53 8.15985e-05 0.000136366
16.54 8.14164e-05 0.000136043
16.55 8.12348e-05 0.000135722
16.56 8.10538e-05 0.000135402
16.57 8.08733e-05 0.000135083
16.58 8.06935e-05 0.000134765
16.59 8.05142e-05 0.000134448
16.60 8.03354e-05 0.000134132
16.61 8.01572e-05 0.000133817
16.62 7.99796e-05 0.000133504
16.63 7.98025e-05 0.000133191
16.64 7.96259e-05 0.000132879
16.65 7.945e-05 0.000132569
16.66 7.92745e-05 0.000132259
16.67 7.90996e-05 0.000131951
16.68 7.89253e-05 0.000131643
16.69 7.87515e-05 0.000131337
16.70 7.85782e-05 0.000131031
16.71 7.84055e-05 0.000130727
16.72 7.82333e-05 0.000130424
16.73 7.80616e-05 0.000130121
16.74 7.78904e-05 0.00012982
16.75 7.77198e-05 0.000129519
16.76 7.75497e-05 0.00012922
16.77 7.73802e-05 0.000128921
16.78 7.72111e-05 0.000128624
16.79 7.70426e-05 0.000128327
16.80 7.68746e-05 0.000128032
16.81 7.67071e-05 0.000127737
16.82 7.65401e-05 0.000127444
16.83 7.63737e-05 0.000127151
16.84 7.62077e-05 0.000126859
16.85 7.60422e-05 0.000126569
16.86 7.58773e-05 0.000126279
16.87 7.57128e-05 0.00012599
16.88 7.55489e-05 0.000125702
16.89 7.53854e-05 0.000125415
16.90 7.52225e-05 0.000125129
16.91 7.506e-05 0.000124844
16.92 7.48981e-05 0.00012456
16.93 7.47366e-05 0.000124277
16.94 7.45756e-05 0.000123994
16.95 7.44151e-05 0.000123713
16.96 7.42551e-05 0.000123433
16.97 7.40955e-05 0.000123153
16.98 7.39365e-05 0.000122874
16.99 7.37779e-05 0.000122596
17.00 7.36198e-05 0.00012232
17.01 7.34622e-05 0.000122043
17.02 7.3305e-05 0.000121768
17.03 7.31484e-05 0.000121494
17.04 7.29922e-05 0.000121221
17.05 7.28364e-05 0.000120948
17.06 7.26811e-05 0.000120677
17.07 7.25263e-05 0.000120406
17.08 7.2372e-05 0.000120136
17.09 7.22181e-05 0.000119867
17.10 7.20647e-05 0.000119599
17.11 7.19117e-05 0.000119331
17.12 7.17592e-05 0.000119065
17.13 7.16071e-05 0.000118799
17.14 7.14555e-05 0.000118534
17.15 7.13043e-05 0.00011827
17.16 7.11536e-05 0.000118007
17.17 7.10033e-05 0.000117745
17.18 7.08535e-05 0.000117484
17.19 7.07041e-05 0.000117223
17.20 7.05552e-05 0.000116963
17.21 7.04067e-05 0.000116704
17.22 7.02586e-05 0.000116446
17.23 7.0111e-05 0.000116189
17.24 6.99638e-05 0.000115932
17.25 6.98171e-05 0.000115676
17.26 6.96707e-05 0.000115421
17.27 6.95248e-05 0.000115167
17.28 6.93794e-05 0.000114914
17.29 6.92343e-05 0.000114661
17.30 6.90897e-05 0.000114409
17.31 6.89455e-05 0.000114158
17.32 6.88017e-05 0.000113908
17.33 6.86584e-05 0.000113659
17.34 6.85154e-05 0.00011341
17.35 6.83729e-05 0.000113162
17.36 6.82308e-05 0.000112915
17.37 6.80891e-05 0.000112669
17.38 6.79478e-05 0.000112423
17.39 6.78069e-05 0.000112178
17.40 6.76665e-05 0.000111934
17.41 6.75264e-05 0.000111691
17.42 6.73867e-05 0.000111448
17.43 6.72475e-05 0.000111206
17.44 6.71086e-05 0.000110965
17.45 6.69702e-05 0.000110725
17.46 6.68321e-05 0.000110485
17.47 6.66945e-05 0.000110246
17.48 6.65572e-05 0.000110008
17.49 6.64204e-05 0.000109771
17.50 6.62839e-05 0.000109534
17.51 6.61478e-05 0.000109298
17.52 6.60122e-05 0.000109063
17.53 6.58769e-05 0.000108828
17.54 6.5742e-05 0.000108594
17.55 6.56074e-05 0.000108361
17.56 6.54733e-05 0.000108129
17.57 6.53396e-05 0.000107897
17.58 6.52062e-05 0.000107666
17.59 6.50732e-05 0.000107436
17.60 6.49406e-05 0.000107206
17.61 6.48083e-05 0.000106977
17.62 6.46765e-05 0.000106749
17.63 6.4545e-05 0.000106521
17.64 6.44139e-05 0.000106295
17.65 6.42831e-05 0.000106068
17.66 6.41528e-05 0.000105843
17.67 6.40228e-05 0.000105618
17.68 6.38931e-05 0.000105394
17.69 6.37639e-05 0.00010517
17.70 6.3635e-05 0.000104948
17.71 6.35064e-05 0.000104726
17.72 6.33783e-05 0.000104504
17.73 6.32504e-05 0.000104283
17.74 6.3123e-05 0.000104063
17.75 6.29959e-05 0.000103844
17.76 6.28692e-05 0.000103625
17.77 6.27428e-05 0.000103407
17.78 6.26167e-05 0.000103189
17.79 6.24911e-05 0.000102972
17.80 6.23657e-05 0.000102756
17.81 6.22408e-05 0.00010254
17.82 6.21161e-05 0.000102325
17.83 6.19919e-05 0.000102111
17.84 6.18679e-05 0.000101897
17.85 6.17444e-05 0.000101684
17.86 6.16211e-05 0.000101472
17.87 6.14982e-05 0.00010126
17.88 6.13757e-05 0.000101049
17.89 6.12535e-05 0.000100838
17.90 6.11316e-05 0.000100629
17.91 6.101e-05 0.000100419
17.92 6.08888e-05 0.00010021
17.93 6.0768e-05 0.000100002
17.94 6.06474e-05 9.97949e-05
17.95 6.05273e-05 9.9588e-05
17.96 6.04074e-05 9.93818e-05
17.97 6.02878e-05 9.91761e-05
17.98 6.01686e-05 9.8971e-05
17.99 6.00498e-05 9.87666e-05
18.00 5.99312e-05 9.85627e-05
18.01 5.9813e-05 9.83594e-05
18.02 5.96951e-05 9.81567e-05
18.03 5.95775e-05 9.79546e-05
18.04 5.94603e-05 9.77531e-05
18.05 5.93433e-05 9.75522e-05
18.06 5.92267e-05 9.73518e-05
18.07 5.91104e-05 9.71521e-05
18.08 5.89945e-05 9.69529e-05
18.09 5.88788e-05 9.67543e-05
18.10 5.87635e-05 9.65562e-05
18.11 5.86484e-05 9.63588e-05
18.12 5.85337e-05 9.61619e-05
18.13 5.84193e-05 9.59655e-05
18.14 5.83052e-05 9.57698e-05
18.15 5.81914e-05 9.55745e-05
18.16 5.8078e-05 9.53799e-05
18.17 5.79648e-05 9.51858e-05
18.18 5.7852e-05 9.49923e-05
18.19 5.77394e-05 9.47993e-05
18.20 5.76272e-05 9.46069e-05
18.21 5.75152e-05 9.4415e-05
18.22 5.74036e-05 9.42237e-05
18.23 5.72922e-05 9.40329e-05
18.24 5.71812e-05 9.38427e-05
18.25 5.70705e-05 9.3653e-05
18.26 5.696e-05 9.34638e-05
18.27 5.68499e-05 9.32752e-05
18.28 5.674e-05 9.30871e-05
18.29 5.66305e-05 9.28996e-05
18.30 5.65212e-05 9.27126e-05
18.31 5.64123e-05 9.25261e-05
18.32 5.63036e-05 9.23401e-05
18.33 5.61952e-05 9.21547e-05
18.34 5.60871e-05 9.19698e-05
18.35 5.59793e-05 9.17854e-05
18.36 5.58718e-05 9.16015e-05
18.37 5.57646e-05 9.14182e-05
18.38 5.56576e-05 9.12353e-05
18.39 5.5551e-05 9.1053e-05
18.40 5.54446e-05 9.08712e-05
18.41 5.53385e-05 9.06899e-05
18.42 5.52327e-05 9.05091e-05
18.43 5.51272e-05 9.03289e-05
18.44 5.50219e-05 9.01491e-05
18.45 5.4917e-05 8.99698e-05
18.46 5.48123e-05 8.9791e-05
18.47 5.47079e-05 8.96128e-05
18.48 5.46037e-05 8.9435e-05
18.49 5.44999e-05 8.92577e-05
18.50 5.43963e-05 8.90809e-05
18.51 5.4293e-05 8.89046e-05
18.52 5.419e-05 8.87288e-05
18.53 5.40872e-05 8.85535e-05
18.54 5.39847e-05 8.83787e-05
18.55 5.38825e-05 8.82044e-05
18.56 5.37805e-05 8.80305e-05
18.57 5.36788e-05 8.78571e-05
18.58 5.35774e-05 8.76842e-05
18.59 5.34762e-05 8.75118e-05
18.60 5.33754e-05 8.73399e-05
18.61 5.32747e-05 8.71684e-05
18.62 5.31744e-05 8.69974e-05
18.63 5.30743e-05 8.68269e-05
18.64 5.29744e-05 8.66568e-05
18.65 5.28748e-05 8.64872e-05
18.66 5.27755e-05 8.63181e-05
18.67 5.26765e-05 8.61494e-05
18.68 5.25777e-05 8.59813e-05
18.69 5.24791e-05 8.58135e-05
18.70 5.23808e-05 8.56462e-05
18.71 5.22828e-05 8.54794e-05
18.72 5.2185e-05 8.53131e-05
18.73 5.20875e-05 8.51472e-05
18.74 5.19902e-05 8.49817e-05
18.75 5.18932e-05 8.48167e-05
18.76 5.17964e-05 8.46521e-05
18.77 5.16999e-05 8.4488e-05
18.78 5.16036e-05 8.43244e-05
18.79 5.15076e-05 8.41612e-05
18.80 5.14118e-05 8.39984e-05
18.81 5.13163e-05 8.38361e-05
18.82 5.1221e-05 8.36742e-05
18.83 5.1126e-05 8.35127e-05
18.84 5.10312e-05 8.33517e-05
18.85 5.09367e-05 8.31911e-05
18.86 5.08424e-05 8.3031e-05
18.87 5.07483e-05 8.28713e-05
18.88 5.06545e-05 8.2712e-05
18.89 5.05609e-05 8.25531e-05
18.90 5.04676e-05 8.23947e-05
18.91 5.03745e-05 8.22367e-05
18.92 5.02816e-05 8.20791e-05
18.93 5.0189e-05 8.1922e-05
18.94 5.00966e-05 8.17652e-05
18.95 5.00044e-05 8.16089e-05
18.96 4.99125e-05 8.1453e-05
18.97 4.98208e-05 8.12975e-05
18.98 4.97294e-05 8.11425e-05
18.99 4.96381e-05 8.09878e-05
19.00 4.95472e-05 8.08336e-05
19.01 4.94564e-05 8.06798e-05
19.02 4.93659e-05 8.05264e-05
19.03 4.92756e-05 8.03734e-05
19.04 4.91855e-05 8.02208e-05
19.05 4.90957e-05 8.00686e-05
19.06 4.90061e-05 7.99168e-05
19.07 4.89167e-05 7.97654e-05
19.08 4.88275e-05 7.96144e-05
19.09 4.87386e-05 7.94639e-05
19.10 4.86499e-05 7.93137e-05
19.11 4.85614e-05 7.91639e-05
19.12 4.84731e-05 7.90145e-05
19.13 4.83851e-05 7.88655e-05
19.14 4.82973e-05 7.87169e-05
19.15 4.82097e-05 7.85687e-05
19.16 4.81223e-05 7.84209e-05
19.17 4.80351e-05 7.82734e-05
19.18 4.79482e-05 7.81264e-05
19.19 4.78615e-05 7.79797e-05
19.20 4.77749e-05 7.78335e-05
19.21 4.76887e-05 7.76876e-05
19.22 4.76026e-05 7.75421e-05
19.23 4.75167e-05 7.7397e-05
19.24 4.74311e-05 7.72522e-05
19.25 4.73456e-05 7.71079e-05
19.26 4.72604e-05 7.69639e-05
19.27 4.71754e-05 7.68203e-05
19.28 4.70906e-05 7.6677e-05
19.29 4.7006e-05 7.65342e-05
19.30 4.69217e-05 7.63917e-05
19.31 4.68375e-05 7.62496e-05
19.32 4.67535e-05 7.61078e-05
19.33 4.66698e-05 7.59664e-05
19.34 4.65863e-05 7.58254e-05
19.35 4.65029e-05 7.56848e-05
19.36 4.64198e-05 7.55445e-05
19.37 4.63369e-05 7.54046e-05
19.38 4.62542e-05 7.5265e-05
19.39 4.61716e-05 7.51258e-05
19.40 4.60893e-05 7.4987e-05
19.41 4.60072e-05 7.48485e-05
19.42 4.59253e-05 7.47104e-05
19.43 4.58436e-05 7.45726e-05
19.44 4.57621e-05 7.44352e-05
19.45 4.56808e-05 7.42981e-05
19.46 4.55997e-05 7.41614e-05
19.47 4.55188e-05 7.40251e-05
19.48 4.54381e-05 7.38891e-05
19.49 4.53576e-05 7.37534e-05
19.50 4.52773e-05 7.36181e-05
19.51 4.51972e-05 7.34831e-05
19.52 4.51173e-05 7.33485e-05
19.53 4.50376e-05 7.32143e-05
19.54 4.4958e-05 7.30803e-05
19.55 4.48787e-05 7.29468e-05
19.56 4.47996e-05 7.28135e-05
19.57 4.47206e-05 7.26806e-05
19.58 4.46419e-05 7.2548e-05
19.59 4.45633e-05 7.24158e-05
19.60 4.44849e-05 7.22839e-05
19.61 4.44067e-05 7.21524e-05
19.62 4.43288e-05 7.20212e-05
19.63 4.4251e-05 7.18903e-05
19.64 4.41733e-05 7.17597e-05
19.65 4.40959e-05 7.16295e-05
19.66 4.40187e-05 7.14996e-05
19.67 4.39416e-05 7.137e-05
19.68 4.38648e-05 7.12408e-05
19.69 4.37881e-05 7.11119e-05
19.70 4.37116e-05 7.09833e-05
19.71 4.36353e-05 7.0855e-05
19.72 4.35592e-05 7.07271e-05
19.73 4.34832e-05 7.05995e-05
19.74 4.34075e-05 7.04722e-05
19.75 4.33319e-05 7.03452e-05
19.76 4.32565e-05 7.02185e-05
19.77 4.31813e-05 7.00922e-05
19.78 4.31062e-05 6.99662e-05
19.79 4.30314e-05 6.98405e-05
19.80 4.29567e-05 6.97151e-05
19.81 4.28822e-05 6.959e-05
19.82 4.28079e-05 6.94652e-05
19.83 4.27338e-05 6.93408e-05
19.84 4.26598e-05 6.92166e-05
19.85 4.2586e-05 6.90928e-05
19.86 4.25124e-05 6.89693e-05
19.87 4.2439e-05 6.88461e-05
19.88 4.23657e-05 6.87232e-05
19.89 4.22926e-05 6.86006e-05
19.90 4.22197e-05 6.84783e-05
19.91 4.2147e-05 6.83563e-05
19.92 4.20744e-05 6.82346e-05
19.93 4.2002e-05 6.81132e-05
19.94 4.19298e-05 6.79921e-05
19.95 4.18578e-05 6.78713e-05
19.96 4.17859e-05 6.77508e-05
19.97 4.17142e-05 6.76306e-05
19.98 4.16426e-05 6.75107e-05
19.99 4.15713e-05 6.73911e-05
