# omega  S_X  S_M  (QMC longitudinal Szz; L=16, beta=16, J/t=0.1, B/t=3)
0.00 0 0
0.01 0 0
0.02 0 0
0.03 0 0
0.04 0 0
0.05 0 0
0.06 0 0
0.07 0 0
0.08 0 0
0.09 0 0
0.10 0 0
0.11 0 0
0.12 0 0
0.13 0 0
0.14 0 0
0.15 0 0
0.16 0 0
0.17 0 0
0.18 0 0
0.19 0 0
0.20 0 0
0.21 0 0
0.22 0 0
0.23 0 0
0.24 0 0
0.25 0 0
0.26 0 0
0.27 0 0
0.28 0 0
0.29 0 0
0.30 0 0
0.31 0 0
0.32 0 0
0.33 0.0052649 0
0.34 0.00061111 0
0.35 0 0
0.36 0 0
0.37 0 0
0.38 0 0
0.39 0 0
0.40 0 0
0.41 0 0
0.42 0 0
0.43 0 0
0.44 0 0
0.45 0 0
0.46 0 0
0.47 0 0
0.48 0 0
0.49 0 0
0.50 0 0
0.51 0 0
0.52 0 0
0.53 0 0
0.54 0 0
0.55 0 0
0.56 0 0
0.57 0 0
0.58 0 0
0.59 0 0
0.60 0 0
0.61 0 0
0.62 0 0
0.63 0 0
0.64 0 0
0.65 0 0
0.66 0 0
0.67 0 0
0.68 0 0
0.69 0 0
0.70 0 0
0.71 0 0
0.72 0 0
0.73 0 0
0.74 0 0
0.75 0 0
0.76 0 0
0.77 0 0
0.78 0 0
0.79 0 0
0.80 0 0
0.81 0 0
0.82 0 0
0.83 0 0
0.84 0 0
0.85 0 0
0.86 0 0
0.87 0 0
0.88 0 0
0.89 0 0
0.90 0 0
0.91 0 0
0.92 0 0
0.93 0 0
0.94 0 0
0.95 0 0
0.96 0 0
0.97 0 0
0.98 0 0
0.99 0 0
1.00 0 0
1.01 0 0
1.02 0 0
1.03 0 0
1.04 0 0
1.05 0 0
1.06 0 0
1.07 0 0
1.08 0 0
1.09 0 0
1.10 0 0
1.11 0 0
1.12 0 0
1.13 0 0
1.14 0 0
1.15 0 0
1.16 0 0
1.17 0 0
1.18 5.2884e-05 0
1.19 2.938e-06 0
1.20 9.4016e-05 0
1.21 7.0512e-05 0
1.22 9.9892e-05 0
1.23 0.0002703 0
1.24 0.00039076 0
1.25 0.0004789 0
1.26 0.0014514 0
1.27 0.0021447 0
1.28 0.0023739 0
1.29 0.0041808 0
1.30 0.0064577 0
1.31 0.010395 0
1.32 0.012578 0
1.33 0.016961 0
1.34 0.023531 0
1.35 0.030141 0
1.36 0.039916 0
1.37 0.0465 0
1.38 0.057708 0
1.39 0.069269 0
1.40 0.083842 0
1.41 0.095541 0
1.42 0.10584 0
1.43 0.12183 0
1.44 0.13098 0
1.45 0.14332 0
1.46 0.154 0
1.47 0.16558 0
1.48 0.17316 0
1.49 0.18175 0
1.50 0.18866 0
1.51 0.19498 0
1.52 0.19892 0
1.53 0.19745 0
1.54 0.19456 0
1.55 0.19956 0
1.56 0.19745 0
1.57 0.19935 0
1.58 0.19291 0
1.59 0.19229 0
1.60 0.18786 0
1.61 0.18346 0
1.62 0.17971 0
1.63 0.17342 0
1.64 0.16715 0
1.65 0.1632 0
1.66 0.15841 0
1.67 0.15244 0
1.68 0.14939 0
1.69 0.14344 0
1.70 0.13856 0
1.71 0.13066 0
1.72 0.12928 0
1.73 0.12415 0
1.74 0.12038 0
1.75 0.11491 0
1.76 0.10983 0
1.77 0.10986 0
1.78 0.10508 0
1.79 0.10009 0
1.80 0.098697 0
1.81 0.094187 0
1.82 0.09228 0
1.83 0.090417 0
1.84 0.08735 0
1.85 0.082946 0
1.86 0.081771 0
1.87 0.079059 0
1.88 0.078392 0
1.89 0.075827 0
1.90 0.074943 0
1.91 0.073909 0
1.92 0.0711 0
1.93 0.071394 0
1.94 0.069422 0
1.95 0.067339 0
1.96 0.067101 0
1.97 0.065911 0
1.98 0.065847 0
1.99 0.064877 0
2.00 0.062638 0
2.01 0.063332 0
2.02 0.061819 0
2.03 0.06131 0
2.04 0.06126 0
2.05 0.061284 0
2.06 0.059891 0
2.07 0.061058 0
2.08 0.060382 0
2.09 0.05928 0
2.10 0.059871 0
2.11 0.060323 0
2.12 0.0602 0
2.13 0.059615 0
2.14 0.061014 0
2.15 0.060003 0
2.16 0.059833 0
2.17 0.06149 0
2.18 0.060588 0
2.19 0.060843 0
2.20 0.060544 0
2.21 0.062062 0
2.22 0.061901 0
2.23 0.062383 0
2.24 0.06337 0
2.25 0.062439 0
2.26 0.064677 0
2.27 0.063952 0
2.28 0.065056 0
2.29 0.066246 0
2.30 0.065835 0
2.31 0.068558 0
2.32 0.067139 0
2.33 0.068176 0
2.34 0.06951 0
2.35 0.068911 0
2.36 0.069866 0
2.37 0.070542 0
2.38 0.071197 0
2.39 0.071564 0
2.40 0.072939 0
2.41 0.071787 0
2.42 0.074085 0
2.43 0.073283 0
2.44 0.077152 0
2.45 0.075034 0
2.46 0.078903 0
2.47 0.077378 0
2.48 0.079664 0
2.49 0.079699 0
2.50 0.079899 0
2.51 0.082634 0
2.52 0.081295 0
2.53 0.08098 0
2.54 0.083871 0
2.55 0.084694 0
2.56 0.083304 0
2.57 0.085108 0
2.58 0.086028 0
2.59 0.086809 0
2.60 0.086842 0
2.61 0.087935 0
2.62 0.088255 0
2.63 0.089941 0
2.64 0.089686 0
2.65 0.089007 0
2.66 0.091487 0
2.67 0.091631 0
2.68 0.092741 0
2.69 0.093414 0
2.70 0.093411 0
2.71 0.093905 0
2.72 0.094501 0
2.73 0.095976 0
2.74 0.09518 0
2.75 0.096179 0
2.76 0.096637 0
2.77 0.096311 0
2.78 0.098027 0
2.79 0.097148 0
2.80 0.098538 0
2.81 0.097178 0
2.82 0.098068 0
2.83 0.098232 0
2.84 0.098799 0
2.85 0.099428 0
2.86 0.10024 0
2.87 0.098702 0
2.88 0.099878 0
2.89 0.09827 0
2.90 0.099352 0
2.91 0.099316 0
2.92 0.10057 0
2.93 0.099469 0
2.94 0.10037 0
2.95 0.099531 0
2.96 0.098629 0
2.97 0.10091 0
2.98 0.10047 0
2.99 0.09976 0
3.00 0.10045 0
3.01 0.099484 0
3.02 0.098738 0
3.03 0.098964 0
3.04 0.098876 0
3.05 0.099413 0
3.06 0.099105 0
3.07 0.098694 0
3.08 0.096622 0
3.09 0.097248 0
3.10 0.098876 0
3.11 0.097342 0
3.12 0.097818 0
3.13 0.097539 0
3.14 0.097169 0
3.15 0.095711 0
3.16 0.095826 0
3.17 0.095024 0
3.18 0.097357 0
3.19 0.09453 0
3.20 0.095109 0
3.21 0.094851 0
3.22 0.093587 0
3.23 0.093455 0
3.24 0.092597 0
3.25 0.091874 0
3.26 0.091907 0
3.27 0.093552 0
3.28 0.091889 0
3.29 0.090646 0
3.30 0.090567 0
3.31 0.090823 0
3.32 0.089606 0
3.33 0.089113 0
3.34 0.089404 0
3.35 0.088634 0
3.36 0.088123 0
3.37 0.088287 0
3.38 0.087191 0
3.39 0.087285 0
3.40 0.086013 0
3.41 0.085035 0
3.42 0.085505 0
3.43 0.084894 0
3.44 0.084856 0
3.45 0.084127 0
3.46 0.084456 0
3.47 0.083874 0
3.48 0.082934 0
3.49 0.082931 0
3.50 0.082147 0
3.51 0.081953 0
3.52 0.079832 0
3.53 0.080096 0
3.54 0.079873 0
3.55 0.079576 0
3.56 0.080067 0
3.57 0.079306 0
3.58 0.077898 0
3.59 0.077878 0
3.60 0.077995 0
3.61 0.077531 0
3.62 0.076071 0
3.63 0.076644 0
3.64 0.077525 0
3.65 0.076056 0
3.66 0.074479 0
3.67 0.074182 0
3.68 0.074499 0
3.69 0.07501 0
3.70 0.073159 0
3.71 0.073521 0
3.72 0.072921 0
3.73 0.073762 0
3.74 0.073104 0
3.75 0.0734 0
3.76 0.072266 0
3.77 0.071996 0
3.78 0.072105 0
3.79 0.070474 0
3.80 0.071285 0
3.81 0.071194 0
3.82 0.071217 0
3.83 0.071009 0
3.84 0.068896 0
3.85 0.070615 0
3.86 0.068981 0
3.87 0.069619 0
3.88 0.069795 0
3.89 0.069099 0
3.90 0.068805 0
3.91 0.067392 0
3.92 0.06753 0
3.93 0.069266 0
3.94 0.06731 0
3.95 0.066587 0
3.96 0.066052 0
3.97 0.0678 0
3.98 0.066517 0
3.99 0.066299 0
4.00 0.066678 0
4.01 0.067145 0
4.02 0.06597 0
4.03 0.066258 0
4.04 0.065377 0
4.05 0.065018 0
4.06 0.065512 0
4.07 0.064069 0
4.08 0.064889 0
4.09 0.064463 0
4.10 0.063373 0
4.11 0.064363 0
4.12 0.063531 0
4.13 0.064651 0
4.14 0.063176 0
4.15 0.063014 0
4.16 0.063429 0
4.17 0.062439 0
4.18 0.063176 0
4.19 0.062912 0
4.20 0.061739 0
4.21 0.061769 0
4.22 0.062512 0
4.23 0.061789 0
4.24 0.061622 0
4.25 0.060917 0
4.26 0.061957 0
4.27 0.060185 0
4.28 0.060203 0
4.29 0.061545 0
4.30 0.060373 0
4.31 0.059712 0
4.32 0.061069 0
4.33 0.060018 0
4.34 0.059918 0
4.35 0.059988 0
4.36 0.060585 0
4.37 0.058934 0
4.38 0.059448 0
4.39 0.059524 0
4.40 0.059577 0
4.41 0.059577 0
4.42 0.059204 0
4.43 0.058322 0
4.44 0.059327 0
4.45 0.059692 0
4.46 0.058026 0
4.47 0.059436 0
4.48 0.058155 0
4.49 0.058693 0
4.50 0.058396 0
4.51 0.058202 0
4.52 0.057182 0
4.53 0.05819 0
4.54 0.057902 0
4.55 0.0577 0
4.56 0.057309 0
4.57 0.056736 0
4.58 0.057376 0
4.59 0.057241 0
4.60 0.05725 0
4.61 0.056483 0
4.62 0.057476 0
4.63 0.056333 0
4.64 0.056254 0
4.65 0.056513 0
4.66 0.057141 0
4.67 0.056815 0
4.68 0.056043 0
4.69 0.055819 0
4.70 0.05564 0
4.71 0.056466 7.7401e-06
4.72 0.055185 1.161e-05
4.73 0.05564 6.9661e-05
4.74 0.05611 0.00012771
4.75 0.055987 0.00022446
4.76 0.056307 0.00035217
4.77 0.055311 0.00060373
4.78 0.055182 0.0011804
4.79 0.056768 0.001935
4.80 0.055708 0.0031463
4.81 0.055699 0.005778
4.82 0.054723 0.009528
4.83 0.054559 0.014087
4.84 0.05485 0.021862
4.85 0.053798 0.03353
4.86 0.05386 0.04889
4.87 0.054623 0.06985
4.88 0.054594 0.099038
4.89 0.052837 0.13825
4.90 0.053959 0.18703
4.91 0.053363 0.25009
4.92 0.053072 0.32699
4.93 0.052702 0.42072
4.94 0.052867 0.52872
4.95 0.052605 0.65101
4.96 0.05279 0.7901
4.97 0.052435 0.94584
4.98 0.051533 1.1042
4.99 0.051377 1.2677
5.00 0.053069 1.4363
5.01 0.051641 1.6039
5.02 0.051089 1.7442
5.03 0.051136 1.8842
5.04 0.052323 2.0039
5.05 0.051427 2.1011
5.06 0.050496 2.1568
5.07 0.050875 2.1934
5.08 0.050328 2.1947
5.09 0.050425 2.1658
5.10 0.04987 2.1146
5.11 0.050534 2.0296
5.12 0.048812 1.9178
5.13 0.049503 1.7956
5.14 0.049834 1.6524
5.15 0.048874 1.5058
5.16 0.048883 1.3688
5.17 0.048527 1.2132
5.18 0.049068 1.0722
5.19 0.048392 0.92838
5.20 0.047907 0.80123
5.21 0.047998 0.67989
5.22 0.046929 0.57565
5.23 0.047555 0.47552
5.24 0.047602 0.39788
5.25 0.045977 0.32295
5.26 0.046465 0.26095
5.27 0.046485 0.20969
5.28 0.045754 0.16592
5.29 0.045225 0.13054
5.30 0.045903 0.10179
5.31 0.045057 0.078055
5.32 0.044617 0.060686
5.33 0.044484 0.045717
5.34 0.043403 0.033998
5.35 0.043826 0.026165
5.36 0.043104 0.019013
5.37 0.043007 0.014606
5.38 0.043007 0.011026
5.39 0.042892 0.0077091
5.40 0.04278 0.0053058
5.41 0.041285 0.0038352
5.42 0.042257 0.0025968
5.43 0.04204 0.0018886
5.44 0.041012 0.0011765
5.45 0.041338 0.00096364
5.46 0.041009 0.00060373
5.47 0.040738 0.00048375
5.48 0.040903 0.00032121
5.49 0.040083 0.00015867
5.50 0.039264 0.00014319
5.51 0.038882 0.00012771
5.52 0.040192 7.3531e-05
5.53 0.039208 2.709e-05
5.54 0.038332 1.935e-05
5.55 0.03842 3.096e-05
5.56 0.036904 2.322e-05
5.57 0.036857 3.87e-06
5.58 0.037395 0
5.59 0.038053 1.161e-05
5.60 0.036146 7.7401e-06
5.61 0.036293 0
5.62 0.035894 0
5.63 0.035297 0
5.64 0.035194 0
5.65 0.03463 0
5.66 0.034621 0
5.67 0.034636 0
5.68 0.034228 0
5.69 0.034357 0
5.70 0.032791 0
5.71 0.033399 0
5.72 0.032312 0
5.73 0.03208 0
5.74 0.032256 0
5.75 0.031181 0
5.76 0.03077 0
5.77 0.030685 0
5.78 0.030532 0
5.79 0.030544 0
5.80 0.030209 0
5.81 0.029709 0
5.82 0.02901 0
5.83 0.029127 0
5.84 0.027741 0
5.85 0.028023 0
5.86 0.028408 0
5.87 0.027588 0
5.88 0.0274 0
5.89 0.027341 0
5.90 0.026354 0
5.91 0.026195 0
5.92 0.025622 0
5.93 0.026233 0
5.94 0.024512 0
5.95 0.02519 0
5.96 0.024083 0
5.97 0.024098 0
5.98 0.023901 0
5.99 0.023055 0
6.00 0.023413 0
6.01 0.022805 0
6.02 0.022349 0
6.03 0.022076 0
6.04 0.021603 0
6.05 0.021515 0
6.06 0.021348 0
6.07 0.021186 0
6.08 0.020287 0
6.09 0.020125 0
6.10 0.019943 0
6.11 0.019526 0
6.12 0.019191 0
6.13 0.019235 0
6.14 0.018941 0
6.15 0.018521 0
6.16 0.017972 0
6.17 0.017766 0
6.18 0.017384 0
6.19 0.017405 0
6.20 0.016952 0
6.21 0.017134 0
6.22 0.016541 0
6.23 0.016112 0
6.24 0.015901 0
6.25 0.015842 0
6.26 0.015689 0
6.27 0.015187 0
6.28 0.015319 0
6.29 0.014508 0
6.30 0.01449 0
6.31 0.014032 0
6.32 0.013929 0
6.33 0.014023 0
6.34 0.013271 0
6.35 0.012924 0
6.36 0.012871 0
6.37 0.011955 0
6.38 0.01236 0
6.39 0.012246 0
6.40 0.011485 0
6.41 0.011817 0
6.42 0.011734 0
6.43 0.011311 0
6.44 0.011379 0
6.45 0.010365 0
6.46 0.010468 0
6.47 0.009907 0
6.48 0.0097894 0
6.49 0.0098159 0
6.50 0.0098835 0
6.51 0.0096102 0
6.52 0.0093576 0
6.53 0.0094222 0
6.54 0.0089227 0
6.55 0.0082147 0
6.56 0.0085143 0
6.57 0.0082911 0
6.58 0.0085614 0
6.59 0.0080355 0
6.60 0.0076329 0
6.61 0.0075654 0
6.62 0.0071335 0
6.63 0.0071746 0
6.64 0.0072099 0
6.65 0.006919 0
6.66 0.0066928 0
6.67 0.0064724 0
6.68 0.0065782 0
6.69 0.0059965 0
6.70 0.0061493 0
6.71 0.0057056 0
6.72 0.0058261 0
6.73 0.0060729 0
6.74 0.0057614 0
6.75 0.0053237 0
6.76 0.0056733 0
6.77 0.0050681 0
6.78 0.0052943 0
6.79 0.0050093 0
6.80 0.0046685 0
6.81 0.0047537 0
6.82 0.0043982 0
6.83 0.0043247 0
6.84 0.0043982 0
6.85 0.004219 0
6.86 0.0040956 0
6.87 0.0040897 0
6.88 0.0038723 0
6.89 0.0037577 0
6.90 0.0040603 0
6.91 0.0037254 0
6.92 0.0035726 0
6.93 0.003411 0
6.94 0.0031025 0
6.95 0.0032142 0
6.96 0.0032347 0
6.97 0.0030732 0
6.98 0.0032142 0
6.99 0.0031231 0
7.00 0.0028734 0
7.01 0.0028528 0
7.02 0.0027353 0
7.03 0.0025061 0
7.04 0.002606 0
7.05 0.0023622 0
7.06 0.0025208 0
7.07 0.0020742 0
7.08 0.0024268 0
7.09 0.0023886 0
7.10 0.0021536 0
7.11 0.0021124 0
7.12 0.0020272 0
7.13 0.0020184 0
7.14 0.0019156 0
7.15 0.0020566 0
7.16 0.0017011 0
7.17 0.0018509 0
7.18 0.0017422 0
7.19 0.0016394 0
7.20 0.0016982 0
7.21 0.0015454 0
7.22 0.0014925 0
7.23 0.0015248 0
7.24 0.0015043 0
7.25 0.0014484 0
7.26 0.0012898 0
7.27 0.0013809 0
7.28 0.0012516 0
7.29 0.0010812 0
7.30 0.0011311 0
7.31 0.0011664 0
7.32 0.0010812 0
7.33 0.0010254 0
7.34 0.0011399 0
7.35 0.00099011 0
7.36 0.00090491 0
7.37 0.00096073 0
7.38 0.00069043 0
7.39 0.00095779 0
7.40 0.00079326 0
7.41 0.00089315 0
7.42 0.00074625 0
7.43 0.00076388 0
7.44 0.00079914 0
7.45 0.0007962 0
7.46 0.00065224 0
7.47 0.00069043 0
7.48 0.0005876 0
7.49 0.0005641 0
7.50 0.00056704 0
7.51 0.00057291 0
7.52 0.00061992 0
7.53 0.00052297 0
7.54 0.00053472 0
7.55 0.00051415 0
7.56 0.00057585 0
7.57 0.00046714 0
7.58 0.00042601 0
7.59 0.00050828 0
7.60 0.00044658 0
7.61 0.00052297 0
7.62 0.00036725 0
7.63 0.00041426 0
7.64 0.00039076 0
7.65 0.00037607 0
7.66 0.0003555 0
7.67 0.00032906 0
7.68 0.00031143 0
7.69 0.00026736 0
7.70 0.0002938 0
7.71 0.00032612 0
7.72 0.00026442 0
7.73 0.00024973 0
7.74 0.00024092 0
7.75 0.00022035 0
7.76 0.00027911 0
7.77 0.00029086 0
7.78 0.00021447 0
7.79 0.00026442 0
7.80 0.00017922 0
7.81 0.00015865 0
7.82 0.00021154 0
7.83 0.00025561 0
7.84 0.00017922 0
7.85 0.00014984 0
7.86 0.00017334 0
7.87 0.0001469 0
7.88 0.00015865 0
7.89 0.00017334 0
7.90 0.00013809 0
7.91 0.00013515 0
7.92 0.00012633 0
7.93 0.00011458 0
7.94 8.2264e-05 0
7.95 9.4016e-05 0
7.96 8.814e-05 0
7.97 9.4016e-05 0
7.98 0.00014102 0
7.99 8.2264e-05 0
8.00 8.814e-05 0
8.01 0.00011458 0
8.02 7.345e-05 0
8.03 9.6954e-05 0
8.04 5.2884e-05 0
8.05 7.0512e-05 0
8.06 6.4636e-05 0
8.07 6.1698e-05 0
8.08 6.7574e-05 0
8.09 7.6388e-05 0
8.10 6.4636e-05 0
8.11 5.2884e-05 0
8.12 4.9946e-05 0
8.13 1.7628e-05 0
8.14 5.876e-05 0
8.15 5.876e-05 0
8.16 5.2884e-05 0
8.17 2.938e-05 0
8.18 2.938e-05 0
8.19 2.6442e-05 0
8.20 3.2318e-05 0
8.21 1.7628e-05 0
8.22 2.6442e-05 0
8.23 2.6442e-05 0
8.24 2.938e-05 0
8.25 3.5256e-05 0
8.26 2.938e-05 0
8.27 2.6442e-05 0
8.28 5.876e-06 0
8.29 2.3504e-05 0
8.30 1.1752e-05 0
8.31 3.2318e-05 0
8.32 3.5256e-05 0
8.33 3.2318e-05 0
8.34 2.6442e-05 0
8.35 2.0566e-05 0
8.36 2.0566e-05 0
8.37 2.3504e-05 0
8.38 2.3504e-05 0
8.39 2.0566e-05 0
8.40 2.6442e-05 0
8.41 1.469e-05 0
8.42 5.876e-06 0
8.43 8.814e-06 0
8.44 2.0566e-05 0
8.45 8.814e-06 0
8.46 1.7628e-05 0
8.47 8.814e-06 0
8.48 2.938e-06 0
8.49 8.814e-06 0
8.50 5.876e-06 0
8.51 1.1752e-05 0
8.52 8.814e-06 0
8.53 1.469e-05 0
8.54 5.876e-06 0
8.55 1.7628e-05 0
8.56 1.7628e-05 0
8.57 0 0
8.58 2.938e-06 0
8.59 2.938e-06 0
8.60 8.814e-06 0
8.61 8.814e-06 0
8.62 2.938e-06 0
8.63 2.938e-06 0
8.64 5.876e-06 0
8.65 5.876e-06 0
8.66 0 0
8.67 1.7628e-05 0
8.68 0 0
8.69 0 0
8.70 0 0
8.71 5.876e-06 0
8.72 2.938e-06 0
8.73 1.7628e-05 0
8.74 0 0
8.75 2.938e-06 0
8.76 5.876e-06 0
8.77 2.938e-06 0
8.78 0 0
8.79 2.938e-06 0
8.80 0 0
8.81 8.814e-06 0
8.82 0 0
8.83 1.1752e-05 0
8.84 0 0
8.85 2.938e-06 0
8.86 2.938e-06 0
8.87 2.938e-06 0
8.88 0 0
8.89 5.876e-06 0
8.90 0 0
8.91 5.876e-06 0
8.92 0 0
8.93 0 0
8.94 2.938e-06 0
8.95 0 0
8.96 0 0
8.97 0 0
8.98 0 0
8.99 2.938e-06 0
9.00 2.938e-06 0
9.01 0 0
9.02 5.876e-06 0
9.03 0 0
9.04 0 0
9.05 0 0
9.06 2.938e-06 0
9.07 0 0
9.08 5.876e-06 0
9.09 0 0
9.10 0 0
9.11 0 0
9.12 2.938e-06 0
9.13 0 0
9.14 0 0
9.15 0 0
9.16 0 0
9.17 0 0
9.18 0 0
9.19 0 0
9.20 0 0
9.21 0 0
9.22 0 0
9.23 0 0
9.24 0 0
9.25 0 0
9.26 0 0
9.27 0 0
9.28 0 0
9.29 0 0
9.30 0 0
9.31 0 0
9.32 0 0
9.33 0 0
9.34 0 0
9.35 0 0
9.36 0 0
9.37 0 0
9.38 0 0
9.39 0 0
9.40 0 0
9.41 0 0
9.42 0 0
9.43 0 0
9.44 0 0
9.45 0 0
9.46 0 0
9.47 0 0
9.48 0 0
9.49 0 0
9.50 0 0
9.51 0 0
9.52 0 0
9.53 0 0
9.54 0 0
9.55 0 0
9.56 0 0
9.57 0 0
9.58 0 0
9.59 0 0
9.60 0 0
9.61 0 0
9.62 0 0
9.63 0 0
9.64 0 0
9.65 0 0
9.66 0 0
9.67 0 0
9.68 0 0
9.69 0 0
9.70 0 0
9.71 0 0
9.72 0 0
9.73 0 0
9.74 0 0
9.75 0 0
9.76 0 0
9.77 0 0
9.78 0 0
9.79 0 0
9.80 0 0
9.81 0 0
9.82 0 0
9.83 0 0
9.84 0 0
9.85 0 0
9.86 0 0
9.87 0 0
9.88 0 0
9.89 0 0
9.90 0 0
9.91 0 0
9.92 0 0
9.93 0 0
9.94 0 0
9.95 0 0
9.96 0 0
9.97 0 0
9.98 0 0
9.99 0 0
10.00 0 0
10.01 0 0
10.02 0 0
10.03 0 0
10.04 0 0
10.05 0 0
10.06 0 0
10.07 0 0
10.08 0 0
10.09 0 0
10.10 0 0
10.11 0 0
10.12 0 0
10.13 0 0
10.14 0 0
10.15 0 0
10.16 0 0
10.17 0 0
10.18 0 0
10.19 0 0
10.20 0 0
10.21 0 0
10.22 0 0
10.23 0 0
10.24 0 0
10.25 0 0
10.26 0 0
10.27 0 0
10.28 0 0
10.29 0 0
10.30 0 0
10.31 0 0
10.32 0 0
10.33 0 0
10.34 0 0
10.35 0 0
10.36 0 0
10.37 0 0
10.38 0 0
10.39 0 0
10.40 0 0
10.41 0 0
10.42 0 0
10.43 0 0
10.44 0 0
10.45 0 0
10.46 0 0
10.47 0 0
10.48 0 0
10.49 0 0
10.50 0 0
10.51 0 0
10.52 0 0
10.53 0 0
10.54 0 0
10.55 0 0
10.56 0 0
10.57 0 0
10.58 0 0
10.59 0 0
10.60 0 0
10.61 0 0
10.62 0 0
10.63 0 0
10.64 0 0
10.65 0 0
10.66 0 0
10.67 0 0
10.68 0 0
10.69 0 0
10.70 0 0
10.71 0 0
10.72 0 0
10.73 0 0
10.74 0 0
10.75 0 0
10.76 0 0
10.77 0 0
10.78 0 0
10.79 0 0
10.80 0 0
10.81 0 0
10.82 0 0
10.83 0 0
10.84 0 0
10.85 0 0
10.86 0 0
10.87 0 0
10.88 0 0
10.89 0 0
10.90 0 0
10.91 0 0
10.92 0 0
10.93 0 0
10.94 0 0
10.95 0 0
10.96 0 0
10.97 0 0
10.98 0 0
10.99 0 0
11.00 0 0
11.01 0 0
11.02 0 0
11.03 0 0
11.04 0 0
11.05 0 0
11.06 0 0
11.07 0 0
11.08 0 0
11.09 0 0
11.10 0 0
11.11 0 0
11.12 0 0
11.13 0 0
11.14 0 0
11.15 0 0
11.16 0 0
11.17 0 0
11.18 0 0
11.19 0 0
11.20 0 0
11.21 0 0
11.22 0 0
11.23 0 0
11.24 0 0
11.25 0 0
11.26 0 0
11.27 0 0
11.28 0 0
11.29 0 0
11.30 0 0
11.31 0 0
11.32 0 0
11.33 0 0
11.34 0 0
11.35 0 0
11.36 0 0
11.37 0 0
11.38 0 0
11.39 0 0
11.40 0 0
11.41 0 0
11.42 0 0
11.43 0 0
11.44 0 0
11.45 0 0
11.46 0 0
11.47 0 0
11.48 0 0
11.49 0 0
11.50 0 0
11.51 0 0
11.52 0 0
11.53 0 0
11.54 0 0
11.55 0 0
11.56 0 0
11.57 0 0
11.58 0 0
11.59 0 0
11.60 0 0
11.61 0 0
11.62 0 0
11.63 0 0
11.64 0 0
11.65 0 0
11.66 0 0
11.67 0 0
11.68 0 0
11.69 0 0
11.70 0 0
11.71 0 0
11.72 0 0
11.73 0 0
11.74 0 0
11.75 0 0
11.76 0 0
11.77 0 0
11.78 0 0
11.79 0 0
11.80 0 0
11.81 0 0
11.82 0 0
11.83 0 0
11.84 0 0
11.85 0 0
11.86 0 0
11.87 0 0
11.88 0 0
11.89 0 0
11.90 0 0
11.91 0 0
11.92 0 0
11.93 0 0
11.94 0 0
11.95 0 0
11.96 0 0
11.97 0 0
11.98 0 0
11.99 0 0
12.00 0 0
12.01 0 0
12.02 0 0
12.03 0 0
12.04 0 0
12.05 0 0
12.06 0 0
12.07 0 0
12.08 0 0
12.09 0 0
12.10 0 0
12.11 0 0
12.12 0 0
12.13 0 0
12.14 0 0
12.15 0 0
12.16 0 0
12.17 0 0
12.18 0 0
12.19 0 0
12.20 0 0
12.21 0 0
12.22 0 0
12.23 0 0
12.24 0 0
12.25 0 0
12.26 0 0
12.27 0 0
12.28 0 0
12.29 0 0
12.30 0 0
12.31 0 0
12.32 0 0
12.33 0 0
12.34 0 0
12.35 0 0
12.36 0 0
12.37 0 0
12.38 0 0
12.39 0 0
12.40 0 0
12.41 0 0
12.42 0 0
12.43 0 0
12.44 0 0
12.45 0 0
12.46 0 0
12.47 0 0
12.48 0 0
12.49 0 0
12.50 0 0
12.51 0 0
12.52 0 0
12.53 0 0
12.54 0 0
12.55 0 0
12.56 0 0
12.57 0 0
12.58 0 0
12.59 0 0
12.60 0 0
12.61 0 0
12.62 0 0
12.63 0 0
12.64 0 0
12.65 0 0
12.66 0 0
12.67 0 0
12.68 0 0
12.69 0 0
12.70 0 0
12.71 0 0
12.72 0 0
12.73 0 0
12.74 0 0
12.75 0 0
12.76 0 0
12.77 0 0
12.78 0 0
12.79 0 0
12.80 0 0
12.81 0 0
12.82 0 0
12.83 0 0
12.84 0 0
12.85 0 0
12.86 0 0
12.87 0 0
12.88 0 0
12.89 0 0
12.90 0 0
12.91 0 0
12.92 0 0
12.93 0 0
12.94 0 0
12.95 0 0
12.96 0 0
12.97 0 0
12.98 0 0
12.99 0 0
13.00 0 0
13.01 0 0
13.02 0 0
13.03 0 0
13.04 0 0
13.05 0 0
13.06 0 0
13.07 0 0
13.08 0 0
13.09 0 0
13.10 0 0
13.11 0 0
13.12 0 0
13.13 0 0
13.14 0 0
13.15 0 0
13.16 0 0
13.17 0 0
13.18 0 0
13.19 0 0
13.20 0 0
13.21 0 0
13.22 0 0
13.23 0 0
13.24 0 0
13.25 0 0
13.26 0 0
13.27 0 0
13.28 0 0
13.29 0 0
13.30 0 0
13.31 0 0
13.32 0 0
13.33 0 0
13.34 0 0
13.35 0 0
13.36 0 0
13.37 0 0
13.38 0 0
13.39 0 0
13.40 0 0
13.41 0 0
13.42 0 0
13.43 0 0
13.44 0 0
13.45 0 0
13.46 0 0
13.47 0 0
13.48 0 0
13.49 0 0
13.50 0 0
13.51 0 0
13.52 0 0
13.53 0 0
13.54 0 0
13.55 0 0
13.56 0 0
13.57 0 0
13.58 0 0
13.59 0 0
13.60 0 0
13.61 0 0
13.62 0 0
13.63 0 0
13.64 0 0
13.65 0 0
13.66 0 0
13.67 0 0
13.68 0 0
13.69 0 0
13.70 0 0
13.71 0 0
13.72 0 0
13.73 0 0
13.74 0 0
13.75 0 0
13.76 0 0
13.77 0 0
13.78 0 0
13.79 0 0
13.80 0 0
13.81 0 0
13.82 0 0
13.83 0 0
13.84 0 0
13.85 0 0
13.86 0 0
13.87 0 0
13.88 0 0
13.89 0 0
13.90 0 0
13.91 0 0
13.92 0 0
13.93 0 0
13.94 0 0
13.95 0 0
13.96 0 0
13.97 0 0
13.98 0 0
13.99 0 0
14.00 0 0
14.01 0 0
14.02 0 0
14.03 0 0
14.04 0 0
14.05 0 0
14.06 0 0
14.07 0 0
14.08 0 0
14.09 0 0
14.10 0 0
14.11 0 0
14.12 0 0
14.13 0 0
14.14 0 0
14.15 0 0
14.16 0 0
14.17 0 0
14.18 0 0
14.19 0 0
14.20 0 0
14.21 0 0
14.22 0 0
14.23 0 0
14.24 0 0
14.25 0 0
14.26 0 0
14.27 0 0
14.28 0 0
14.29 0 0
14.30 0 0
14.31 0 0
14.32 0 0
14.33 0 0
14.34 0 0
14.35 0 0
14.36 0 0
14.37 0 0
14.38 0 0
14.39 0 0
14.40 0 0
14.41 0 0
14.42 0 0
14.43 0 0
14.44 0 0
14.45 0 0
14.46 0 0
14.47 0 0
14.48 0 0
14.49 0 0
14.50 0 0
14.51 0 0
14.52 0 0
14.53 0 0
14.54 0 0
14.55 0 0
14.56 0 0
14.57 0 0
14.58 0 0
14.59 0 0
14.60 0 0
14.61 0 0
14.62 0 0
14.63 0 0
14.64 0 0
14.65 0 0
14.66 0 0
14.67 0 0
14.68 0 0
14.69 0 0
14.70 0 0
14.71 0 0
14.72 0 0
14.73 0 0
14.74 0 0
14.75 0 0
14.76 0 0
14.77 0 0
14.78 0 0
14.79 0 0
14.80 0 0
14.81 0 0
14.82 0 0
14.83 0 0
14.84 0 0
14.85 0 0
14.86 0 0
14.87 0 0
14.88 0 0
14.89 0 0
14.90 0 0
14.91 0 0
14.92 0 0
14.93 0 0
14.94 0 0
14.95 0 0
14.96 0 0
14.97 0 0
14.98 0 0
14.99 0 0
15.00 0 0
15.01 0 0
15.02 0 0
15.03 0 0
15.04 0 0
15.05 0 0
15.06 0 0
15.07 0 0
15.08 0 0
15.09 0 0
15.10 0 0
15.11 0 0
15.12 0 0
15.13 0 0
15.14 0 0
15.15 0 0
15.16 0 0
15.17 0 0
15.18 0 0
15.19 0 0
15.20 0 0
15.21 0 0
15.22 0 0
15.23 0 0
15.24 0 0
15.25 0 0
15.26 0 0
15.27 0 0
15.28 0 0
15.29 0 0
15.30 0 0
15.31 0 0
15.32 0 0
15.33 0 0
15.34 0 0
15.35 0 0
15.36 0 0
15.37 0 0
15.38 0 0
15.39 0 0
15.40 0 0
15.41 0 0
15.42 0 0
15.43 0 0
15.44 0 0
15.45 0 0
15.46 0 0
15.47 0 0
15.48 0 0
15.49 0 0
15.50 0 0
15.51 0 0
15.52 0 0
15.53 0 0
15.54 0 0
15.55 0 0
15.56 0 0
15.57 0 0
15.58 0 0
15.59 0 0
15.60 0 0
15.61 0 0
15.62 0 0
15.63 0 0
15.64 0 0
15.65 0 0
15.66 0 0
15.67 0 0
15.68 0 0
15.69 0 0
15.70 0 0
15.71 0 0
15.72 0 0
15.73 0 0
15.74 0 0
15.75 0 0
15.76 0 0
15.77 0 0
15.78 0 0
15.79 0 0
15.80 0 0
15.81 0 0
15.82 0 0
15.83 0 0
15.84 0 0
15.85 0 0
15.86 0 0
15.87 0 0
15.88 0 0
15.89 0 0
15.90 0 0
15.91 0 0
15.92 0 0
15.93 0 0
15.94 0 0
15.95 0 0
15.96 0 0
15.97 0 0
15.98 0 0
15.99 0 0
16.00 0 0
16.01 0 0
16.02 0 0
16.03 0 0
16.04 0 0
16.05 0 0
16.06 0 0
16.07 0 0
16.08 0 0
16.09 0 0
16.10 0 0
16.11 0 0
16.12 0 0
16.13 0 0
16.14 0 0
16.15 0 0
16.16 0 0
16.17 0 0
16.18 0 0
16.19 0 0
16.20 0 0
16.21 0 0
16.22 0 0
16.23 0 0
16.24 0 0
16.25 0 0
16.26 0 0
16.27 0 0
16.28 0 0
16.29 0 0
16.30 0 0
16.31 0 0
16.32 0 0
16.33 0 0
16.34 0 0
16.35 0 0
16.36 0 0
16.37 0 0
16.38 0 0
16.39 0 0
16.40 0 0
16.41 0 0
16.42 0 0
16.43 0 0
16.44 0 0
16.45 0 0
16.46 0 0
16.47 0 0
16.48 0 0
16.49 0 0
16.50 0 0
16.51 0 0
16.52 0 0
16.53 0 0
16.54 0 0
16.55 0 0
16.56 0 0
16.57 0 0
16.58 0 0
16.59 0 0
16.60 0 0
16.61 0 0
16.62 0 0
16.63 0 0
16.64 0 0
16.65 0 0
16.66 0 0
16.67 0 0
16.68 0 0
16.69 0 0
16.70 0 0
16.71 0 0
16.72 0 0
16.73 0 0
16.74 0 0
16.75 0 0
16.76 0 0
16.77 0 0
16.78 0 0
16.79 0 0
16.80 0 0
16.81 0 0
16.82 0 0
16.83 0 0
16.84 0 0
16.85 0 0
16.86 0 0
16.87 0 0
16.88 0 0
16.89 0 0
16.90 0 0
16.91 0 0
16.92 0 0
16.93 0 0
16.94 0 0
16.95 0 0
16.96 0 0
16.97 0 0
16.98 0 0
16.99 0 0
17.00 0 0
17.01 0 0
17.02 0 0
17.03 0 0
17.04 0 0
17.05 0 0
17.06 0 0
17.07 0 0
17.08 0 0
17.09 0 0
17.10 0 0
17.11 0 0
17.12 0 0
17.13 0 0
17.14 0 0
17.15 0 0
17.16 0 0
17.17 0 0
17.18 0 0
17.19 0 0
17.20 0 0
17.21 0 0
17.22 0 0
17.23 0 0
17.24 0 0
17.25 0 0
17.26 0 0
17.27 0 0
17.28 0 0
17.29 0 0
17.30 0 0
17.31 0 0
17.32 0 0
17.33 0 0
17.34 0 0
17.35 0 0
17.36 0 0
17.37 0 0
17.38 0 0
17.39 0 0
17.40 0 0
17.41 0 0
17.42 0 0
17.43 0 0
17.44 0 0
17.45 0 0
17.46 0 0
17.47 0 0
17.48 0 0
17.49 0 0
17.50 0 0
17.51 0 0
17.52 0 0
17.53 0 0
17.54 0 0
17.55 0 0
17.56 0 0
17.57 0 0
17.58 0 0
17.59 0 0
17.60 0 0
17.61 0 0
17.62 0 0
17.63 0 0
17.64 0 0
17.65 0 0
17.66 0 0
17.67 0 0
17.68 0 0
17.69 0 0
17.70 0 0
17.71 0 0
17.72 0 0
17.73 0 0
17.74 0 0
17.75 0 0
17.76 0 0
17.77 0 0
17.78 0 0
17.79 0 0
17.80 0 0
17.81 0 0
17.82 0 0
17.83 0 0
17.84 0 0
17.85 0 0
17.86 0 0
17.87 0 0
17.88 0 0
17.89 0 0
17.90 0 0
17.91 0 0
17.92 0 0
17.93 0 0
17.94 0 0
17.95 0 0
17.96 0 0
17.97 0 0
17.98 0 0
17.99 0 0
18.00 0 0
18.01 0 0
18.02 0 0
18.03 0 0
18.04 0 0
18.05 0 0
18.06 0 0
18.07 0 0
18.08 0 0
18.09 0 0
18.10 0 0
18.11 0 0
18.12 0 0
18.13 0 0
18.14 0 0
18.15 0 0
18.16 0 0
18.17 0 0
18.18 0 0
18.19 0 0
18.20 0 0
18.21 0 0
18.22 0 0
18.23 0 0
18.24 0 0
18.25 0 0
18.26 0 0
18.27 0 0
18.28 0 0
18.29 0 0
18.30 0 0
18.31 0 0
18.32 0 0
18.33 0 0
18.34 0 0
18.35 0 0
18.36 0 0
18.37 0 0
18.38 0 0
18.39 0 0
18.40 0 0
18.41 0 0
18.42 0 0
18.43 0 0
18.44 0 0
18.45 0 0
18.46 0 0
18.47 0 0
18.48 0 0
18.49 0 0
18.50 0 0
18.51 0 0
18.52 0 0
18.53 0 0
18.54 0 0
18.55 0 0
18.56 0 0
18.57 0 0
18.58 0 0
18.59 0 0
18.60 0 0
18.61 0 0
18.62 0 0
18.63 0 0
18.64 0 0
18.65 0 0
18.66 0 0
18.67 0 0
18.68 0 0
18.69 0 0
18.70 0 0
18.71 0 0
18.72 0 0
18.73 0 0
18.74 0 0
18.75 0 0
18.76 0 0
18.77 0 0
18.78 0 0
18.79 0 0
18.80 0 0
18.81 0 0
18.82 0 0
18.83 0 0
18.84 0 0
18.85 0 0
18.86 0 0
18.87 0 0
18.88 0 0
18.89 0 0
18.90 0 0
18.91 0 0
18.92 0 0
18.93 0 0
18.94 0 0
18.95 0 0
18.96 0 0
18.97 0 0
18.98 0 0
18.99 0 0
19.00 0 0
19.01 0 0
19.02 0 0
19.03 0 0
19.04 0 0
19.05 0 0
19.06 0 0
19.07 0 0
19.08 0 0
19.09 0 0
19.10 0 0
19.11 0 0
19.12 0 0
19.13 0 0
19.14 0 0
19.15 0 0
19.16 0 0
19.17 0 0
19.18 0 0
19.19 0 0
19.20 0 0
19.21 0 0
19.22 0 0
19.23 0 0
19.24 0 0
19.25 0 0
19.26 0 0
19.27 0 0
19.28 0 0
19.29 0 0
19.30 0 0
19.31 0 0
19.32 0 0
19.33 0 0
19.34 0 0
19.35 0 0
19.36 0 0
19.37 0 0
19.38 0 0
19.39 0 0
19.40 0 0
19.41 0 0
19.42 0 0
19.43 0 0
19.44 0 0
19.45 0 0
19.46 0 0
19.47 0 0
19.48 0 0
19.49 0 0
19.50 0 0
19.51 0 0
19.52 0 0
19.53 0 0
19.54 0 0
19.55 0 0
19.56 0 0
19.57 0 0
19.58 0 0
19.59 0 0
19.60 0 0
19.61 0 0
19.62 0 0
19.63 0 0
19.64 0 0
19.65 0 0
19.66 0 0
19.67 0 0
19.68 0 0
19.69 0 0
19.70 0 0
19.71 0 0
19.72 0 0
19.73 0 0
19.74 0 0
19.75 0 0
19.76 0 0
19.77 0 0
19.78 0 0
19.79 0 0
19.80 0 0
19.81 0 0
19.82 0 0
19.83 0 0
19.84 0 0
19.85 0 0
19.86 0 0
19.87 0 0
19.88 0 0
19.89 0 0
19.90 0 0
19.91 0 0
19.92 0 0
19.93 0 0
19.94 0 0
19.95 0 0
19.96 0 0
19.97 0 0
19.98 0 0
19.99 0 0
20.00 0 0
