# omega  S_X  S_M  (QMC transverse S+/-; L=16, beta=16, J/t=0.1, B/t=3)
0.00 0 0
0.01 0 0
0.02 0 0
0.03 0 0
0.04 0 0
0.05 0 0
0.06 0 0
0.07 0 0
0.08 0 0
0.09 0 0
0.10 0 0
0.11 0 0
0.12 0 0
0.13 0 0
0.14 0 0
0.15 0 0
0.16 0 0
0.17 0 0
0.18 0 0
0.19 0 0
0.20 0 0
0.21 0 0
0.22 0 0
0.23 0 0
0.24 0 0
0.25 0 0
0.26 0 0
0.27 0 0
0.28 0 0
0.29 0 0
0.30 0 0
0.31 0 0
0.32 0 0
0.33 0 0
0.34 0 0
0.35 0 0
0.36 0 0
0.37 0 0
0.38 0 0
0.39 0 0
0.40 0 0
0.41 0 0
0.42 0 0
0.43 0 0
0.44 0 0
0.45 0 0
0.46 0 0
0.47 0 0
0.48 0 0
0.49 0 0
0.50 0 0
0.51 0 0
0.52 0 0
0.53 0 0
0.54 0 0
0.55 0 0
0.56 0 0
0.57 0 0
0.58 0 0
0.59 0 0
0.60 0.014423 0
0.61 0 0
0.62 0 0
0.63 0 0
0.64 0 0
0.65 0 0
0.66 0 0
0.67 0 0
0.68 0 0
0.69 0 0
0.70 0 0
0.71 0 0
0.72 0 0
0.73 0 0
0.74 0 0
0.75 0 0
0.76 0 0
0.77 0 0
0.78 0 0
0.79 0 0
0.80 0 0
0.81 0 0
0.82 0 0
0.83 0 0
0.84 0 0
0.85 0 0
0.86 0 0
0.87 0 0
0.88 0 0
0.89 0 0
0.90 0 0
0.91 0 0
0.92 0 0.00083308
0.93 0 0.0010843
0.94 0 0.00060828
0.95 0 0.0014149
0.96 0 0.0040993
0.97 0 0.0040199
0.98 0 0.023657
0.99 0 0.04459
1.00 0 0.076498
1.01 0 0.13081
1.02 0 0.21381
1.03 0 0.3462
1.04 0 0.41399
1.05 0 0.50256
1.06 0 0.57956
1.07 0 0.70041
1.08 0 0.7517
1.09 0 0.84904
1.10 0 0.88095
1.11 0 0.90287
1.12 0 0.85964
1.13 0 0.903
1.14 0 0.83693
1.15 0 0.81569
1.16 0 0.73246
1.17 0 0.70375
1.18 0 0.6598
1.19 0 0.6184
1.20 0 0.54851
1.21 0 0.52893
1.22 0 0.46946
1.23 0 0.43779
1.24 0 0.42113
1.25 0 0.36785
1.26 0 0.35254
1.27 0 0.33109
1.28 0 0.31329
1.29 0 0.27464
1.30 0 0.26914
1.31 0 0.26418
1.32 0 0.23944
1.33 0 0.2347
1.34 0 0.22311
1.35 0 0.21286
1.36 0 0.20704
1.37 0 0.19555
1.38 0 0.19476
1.39 0 0.18645
1.40 0 0.18948
1.41 0 0.1866
1.42 0 0.18098
1.43 0 0.17598
1.44 0 0.17872
1.45 0 0.17672
1.46 0 0.17594
1.47 0 0.17715
1.48 0 0.17598
1.49 0 0.18102
1.50 0 0.17637
1.51 0 0.1885
1.52 0 0.18943
1.53 0 0.18813
1.54 0 0.19461
1.55 0 0.19219
1.56 0 0.20724
1.57 0 0.20049
1.58 0 0.21322
1.59 0 0.2157
1.60 0 0.22654
1.61 0 0.23702
1.62 0 0.2348
1.63 0 0.2411
1.64 0.00046153 0.24949
1.65 0 0.25792
1.66 0.00093027 0.2664
1.67 0.0017596 0.27201
1.68 0.0055528 0.27839
1.69 0.012685 0.29049
1.70 0.030836 0.29765
1.71 0.063229 0.29956
1.72 0.10466 0.31601
1.73 0.16647 0.33412
1.74 0.24423 0.32669
1.75 0.3274 0.36306
1.76 0.43234 0.35432
1.77 0.51748 0.36626
1.78 0.57255 0.37007
1.79 0.66082 0.3888
1.80 0.69039 0.39352
1.81 0.68516 0.41149
1.82 0.65929 0.41711
1.83 0.61667 0.4256
1.84 0.5758 0.43546
1.85 0.53233 0.44865
1.86 0.47212 0.44857
1.87 0.41199 0.46601
1.88 0.3666 0.49095
1.89 0.31127 0.48703
1.90 0.26571 0.49526
1.91 0.22484 0.5019
1.92 0.18871 0.51254
1.93 0.1619 0.5124
1.94 0.13381 0.52873
1.95 0.11004 0.53462
1.96 0.092811 0.54374
1.97 0.074977 0.54327
1.98 0.066763 0.55962
1.99 0.059674 0.56718
2.00 0.051388 0.5639
2.01 0.042518 0.58159
2.02 0.03292 0.58522
2.03 0.029422 0.58757
2.04 0.029336 0.58009
2.05 0.024576 0.58932
2.06 0.021173 0.59917
2.07 0.017278 0.60241
2.08 0.017415 0.60726
2.09 0.014214 0.60349
2.10 0.014041 0.60115
2.11 0.012901 0.59878
2.12 0.012483 0.58963
2.13 0.011401 0.60723
2.14 0.0095623 0.60772
2.15 0.010565 0.60936
2.16 0.0082354 0.60228
2.17 0.0095046 0.5947
2.18 0.010918 0.5924
2.19 0.0081777 0.59922
2.20 0.0091368 0.59176
2.21 0.0087979 0.58858
2.22 0.0079542 0.57861
2.23 0.0068652 0.58036
2.24 0.0083508 0.57697
2.25 0.0091729 0.58103
2.26 0.0080695 0.57152
2.27 0.0089782 0.57107
2.28 0.0082931 0.56538
2.29 0.0085527 0.54806
2.30 0.0088195 0.55385
2.31 0.0094541 0.55294
2.32 0.0099517 0.53837
2.33 0.0097714 0.53453
2.34 0.0097426 0.52866
2.35 0.01068 0.52013
2.36 0.011459 0.51936
2.37 0.011178 0.50188
2.38 0.011127 0.49872
2.39 0.013716 0.49374
2.40 0.01324 0.49253
2.41 0.013543 0.48796
2.42 0.015216 0.4768
2.43 0.015137 0.47808
2.44 0.016586 0.46211
2.45 0.01836 0.46084
2.46 0.018944 0.44556
2.47 0.019766 0.44189
2.48 0.021605 0.4449
2.49 0.02273 0.43189
2.50 0.023942 0.42416
2.51 0.024901 0.4247
2.52 0.028398 0.40826
2.53 0.027922 0.40849
2.54 0.031341 0.40325
2.55 0.033555 0.38821
2.56 0.035083 0.38689
2.57 0.038242 0.37855
2.58 0.037788 0.37809
2.59 0.044775 0.36432
2.60 0.043607 0.3692
2.61 0.046708 0.35378
2.62 0.047718 0.35209
2.63 0.050992 0.34441
2.64 0.05216 0.33756
2.65 0.055881 0.33264
2.66 0.060136 0.3258
2.67 0.064888 0.32651
2.68 0.073224 0.31014
2.69 0.073268 0.30524
2.70 0.074768 0.30555
2.71 0.078027 0.2998
2.72 0.079628 0.29566
2.73 0.085311 0.29205
2.74 0.09139 0.28774
2.75 0.093546 0.2781
2.76 0.097469 0.27086
2.77 0.10295 0.27349
2.78 0.10733 0.26649
2.79 0.10891 0.25849
2.80 0.11229 0.25318
2.81 0.11511 0.25283
2.82 0.12104 0.24557
2.83 0.12453 0.24348
2.84 0.13291 0.23642
2.85 0.14059 0.23941
2.86 0.14147 0.23654
2.87 0.14474 0.22984
2.88 0.14615 0.22295
2.89 0.15566 0.22104
2.90 0.15428 0.21304
2.91 0.15426 0.21642
2.92 0.15941 0.21308
2.93 0.16418 0.20671
2.94 0.17164 0.20175
2.95 0.17596 0.20535
2.96 0.17326 0.19679
2.97 0.17834 0.19318
2.98 0.18161 0.19253
2.99 0.18423 0.18944
3.00 0.18467 0.18855
3.01 0.19089 0.18818
3.02 0.18979 0.18124
3.03 0.19583 0.18158
3.04 0.19167 0.17616
3.05 0.19363 0.17118
3.06 0.20443 0.1743
3.07 0.19917 0.16939
3.08 0.20658 0.17011
3.09 0.20026 0.16441
3.10 0.20226 0.16063
3.11 0.20371 0.16084
3.12 0.20467 0.15932
3.13 0.20366 0.15593
3.14 0.20878 0.1565
3.15 0.20265 0.14915
3.16 0.20789 0.15114
3.17 0.20655 0.15399
3.18 0.20274 0.14849
3.19 0.20595 0.1455
3.20 0.20042 0.14265
3.21 0.2076 0.13914
3.22 0.19917 0.14111
3.23 0.20286 0.13976
3.24 0.20277 0.13938
3.25 0.20071 0.13327
3.26 0.19795 0.13242
3.27 0.19968 0.13188
3.28 0.19811 0.13331
3.29 0.19102 0.12943
3.30 0.19617 0.12769
3.31 0.19326 0.12931
3.32 0.19035 0.13011
3.33 0.19107 0.12586
3.34 0.19129 0.12474
3.35 0.18698 0.12168
3.36 0.18214 0.12193
3.37 0.18279 0.12097
3.38 0.17991 0.11967
3.39 0.17964 0.1197
3.40 0.17457 0.11757
3.41 0.17755 0.11658
3.42 0.17733 0.11512
3.43 0.17328 0.11277
3.44 0.16868 0.11377
3.45 0.16495 0.11625
3.46 0.16605 0.10978
3.47 0.16353 0.11384
3.48 0.15967 0.10833
3.49 0.16316 0.10934
3.50 0.15779 0.11544
3.51 0.15755 0.10886
3.52 0.15471 0.10741
3.53 0.15175 0.10527
3.54 0.15047 0.10544
3.55 0.15064 0.10931
3.56 0.14633 0.10551
3.57 0.14675 0.10621
3.58 0.14408 0.10207
3.59 0.14398 0.10115
3.60 0.1425 0.10617
3.61 0.13963 0.10206
3.62 0.13744 0.10195
3.63 0.1378 0.10281
3.64 0.13418 0.10043
3.65 0.13247 0.098158
3.66 0.1324 0.10134
3.67 0.13146 0.098951
3.68 0.13066 0.097113
3.69 0.12856 0.09833
3.70 0.12902 0.097351
3.71 0.12632 0.097113
3.72 0.12256 0.097708
3.73 0.12387 0.09509
3.74 0.11962 0.096214
3.75 0.11809 0.096928
3.76 0.11992 0.093305
3.77 0.11817 0.0907
3.78 0.1162 0.0955
3.79 0.11729 0.093437
3.80 0.11256 0.095606
3.81 0.11354 0.095566
3.82 0.1134 0.093318
3.83 0.11317 0.093847
3.84 0.10968 0.093807
3.85 0.11041 0.09304
3.86 0.1085 0.092868
3.87 0.10728 0.091612
3.88 0.10657 0.092472
3.89 0.10374 0.091996
3.90 0.10441 0.091414
3.91 0.1057 0.090541
3.92 0.101 0.09021
3.93 0.10265 0.088518
3.94 0.10039 0.090012
3.95 0.10007 0.090594
3.96 0.10005 0.091824
3.97 0.10049 0.090197
3.98 0.097195 0.089774
3.99 0.097375 0.090065
4.00 0.096712 0.090369
4.01 0.09633 0.08865
4.02 0.097455 0.090819
4.03 0.095767 0.087063
4.04 0.094476 0.08787
4.05 0.093575 0.092009
4.06 0.093128 0.089642
4.07 0.090726 0.088862
4.08 0.093099 0.089205
4.09 0.091455 0.0891
4.10 0.092767 0.090224
4.11 0.091887 0.08943
4.12 0.092097 0.089801
4.13 0.090532 0.089682
4.14 0.090243 0.090369
4.15 0.088563 0.089047
4.16 0.092219 0.09062
4.17 0.091599 0.090673
4.18 0.089097 0.088161
4.19 0.089457 0.090991
4.20 0.089003 0.090925
4.21 0.086998 0.09107
4.22 0.090525 0.090991
4.23 0.088707 0.091268
4.24 0.090532 0.09152
4.25 0.089046 0.088359
4.26 0.085873 0.09103
4.27 0.087799 0.089443
4.28 0.088909 0.089668
4.29 0.087849 0.089986
4.30 0.088981 0.089034
4.31 0.090301 0.087143
4.32 0.089796 0.088571
4.33 0.089097 0.089047
4.34 0.088714 0.089682
4.35 0.088289 0.092168
4.36 0.088614 0.091982
4.37 0.087763 0.088425
4.38 0.089998 0.091229
4.39 0.090085 0.089682
4.40 0.089522 0.090726
4.41 0.087265 0.090052
4.42 0.087251 0.093199
4.43 0.092205 0.090316
4.44 0.090503 0.091916
4.45 0.090323 0.089563
4.46 0.090323 0.089324
4.47 0.088491 0.091691
4.48 0.089291 0.094561
4.49 0.09046 0.091691
4.50 0.089472 0.091943
4.51 0.089811 0.09107
4.52 0.091613 0.094482
4.53 0.090993 0.092591
4.54 0.089767 0.092009
4.55 0.093878 0.093186
4.56 0.092118 0.093318
4.57 0.094137 0.096293
4.58 0.09157 0.09591
4.59 0.094195 0.092895
4.60 0.091859 0.091718
4.61 0.094303 0.093781
4.62 0.094303 0.093979
4.63 0.092933 0.094693
4.64 0.096085 0.09505
4.65 0.096445 0.094244
4.66 0.095219 0.093556
4.67 0.095371 0.096333
4.68 0.096827 0.096954
4.69 0.097188 0.099242
4.70 0.10024 0.097259
4.71 0.098096 0.098607
4.72 0.09894 0.097245
4.73 0.096618 0.095738
4.74 0.098767 0.095672
4.75 0.10043 0.097285
4.76 0.10238 0.10083
4.77 0.099488 0.096783
4.78 0.10205 0.098052
4.79 0.10307 0.098687
4.80 0.10414 0.098911
4.81 0.10406 0.097272
4.82 0.10567 0.0971
4.83 0.10555 0.10203
4.84 0.1048 0.10174
4.85 0.10963 0.10301
4.86 0.10922 0.10117
4.87 0.10759 0.10178
4.88 0.10539 0.10317
4.89 0.10569 0.10156
4.90 0.10874 0.10345
4.91 0.10918 0.10384
4.92 0.11217 0.10284
4.93 0.11132 0.1023
4.94 0.11144 0.10146
4.95 0.11256 0.10093
4.96 0.11182 0.10447
4.97 0.11365 0.10404
4.98 0.11342 0.10637
4.99 0.11571 0.10301
5.00 0.11556 0.10812
5.01 0.11668 0.10617
5.02 0.11688 0.10579
5.03 0.11836 0.10648
5.04 0.11875 0.10665
5.05 0.1185 0.106
5.06 0.12125 0.10706
5.07 0.12316 0.1079
5.08 0.12291 0.1092
5.09 0.12556 0.10957
5.10 0.12316 0.10678
5.11 0.12339 0.10958
5.12 0.12491 0.10755
5.13 0.12644 0.11087
5.14 0.12861 0.10864
5.15 0.12886 0.10868
5.16 0.1305 0.10986
5.17 0.12732 0.11262
5.18 0.12955 0.11163
5.19 0.13347 0.1087
5.20 0.13262 0.11133
5.21 0.13456 0.1083
5.22 0.13291 0.11039
5.23 0.13675 0.11276
5.24 0.13403 0.1119
5.25 0.13626 0.11266
5.26 0.13671 0.11258
5.27 0.13825 0.11452
5.28 0.14027 0.11411
5.29 0.14051 0.11646
5.30 0.1413 0.11551
5.31 0.1409 0.11379
5.32 0.14718 0.11198
5.33 0.14312 0.11958
5.34 0.14502 0.11725
5.35 0.14589 0.1179
5.36 0.14471 0.11902
5.37 0.14463 0.11466
5.38 0.14635 0.11912
5.39 0.15107 0.11982
5.40 0.15129 0.11994
5.41 0.15158 0.11986
5.42 0.14773 0.11868
5.43 0.15151 0.12014
5.44 0.15135 0.122
5.45 0.15575 0.11668
5.46 0.15512 0.11827
5.47 0.15445 0.12315
5.48 0.15598 0.12224
5.49 0.15484 0.11914
5.50 0.15518 0.12166
5.51 0.1621 0.12233
5.52 0.1557 0.12544
5.53 0.159 0.12233
5.54 0.16181 0.12281
5.55 0.16463 0.12183
5.56 0.16259 0.12328
5.57 0.16091 0.12195
5.58 0.16544 0.12536
5.59 0.16374 0.12363
5.60 0.16617 0.12472
5.61 0.1654 0.12503
5.62 0.16738 0.12824
5.63 0.1687 0.12804
5.64 0.17064 0.12441
5.65 0.17134 0.12607
5.66 0.17291 0.12595
5.67 0.17076 0.12755
5.68 0.17168 0.13011
5.69 0.17401 0.12865
5.70 0.17646 0.12804
5.71 0.17421 0.12457
5.72 0.17327 0.12743
5.73 0.17503 0.12767
5.74 0.17369 0.12983
5.75 0.17638 0.12905
5.76 0.17839 0.12992
5.77 0.17881 0.13221
5.78 0.18163 0.12713
5.79 0.18333 0.12907
5.80 0.18134 0.12857
5.81 0.18309 0.13041
5.82 0.18141 0.13107
5.83 0.1814 0.1302
5.84 0.18295 0.13156
5.85 0.18501 0.13385
5.86 0.18428 0.13216
5.87 0.18205 0.12934
5.88 0.1895 0.13024
5.89 0.18416 0.1346
5.90 0.18751 0.13131
5.91 0.18447 0.13157
5.92 0.18701 0.13091
5.93 0.18471 0.13307
5.94 0.18699 0.1323
5.95 0.18626 0.13411
5.96 0.18459 0.12968
5.97 0.18817 0.13526
5.98 0.18647 0.13123
5.99 0.18792 0.1355
6.00 0.19031 0.13369
6.01 0.18739 0.13571
6.02 0.19004 0.13352
6.03 0.19034 0.13709
6.04 0.19232 0.1328
6.05 0.1903 0.13577
6.06 0.18997 0.13353
6.07 0.1896 0.13267
6.08 0.19174 0.13744
6.09 0.19102 0.13476
6.10 0.18933 0.13512
6.11 0.19057 0.13893
6.12 0.18847 0.13625
6.13 0.18924 0.13607
6.14 0.19267 0.13852
6.15 0.19513 0.13588
6.16 0.19463 0.13483
6.17 0.19353 0.13833
6.18 0.19486 0.13846
6.19 0.19194 0.13541
6.20 0.19273 0.13886
6.21 0.19193 0.13693
6.22 0.18936 0.13502
6.23 0.19008 0.13229
6.24 0.19132 0.13696
6.25 0.19091 0.13625
6.26 0.19652 0.14025
6.27 0.19143 0.141
6.28 0.19021 0.13598
6.29 0.19081 0.14025
6.30 0.18801 0.13878
6.31 0.1917 0.13838
6.32 0.19142 0.13842
6.33 0.18953 0.13719
6.34 0.19122 0.13903
6.35 0.18882 0.13898
6.36 0.18978 0.14068
6.37 0.19144 0.14014
6.38 0.18927 0.13505
6.39 0.18826 0.14119
6.40 0.19146 0.13776
6.41 0.18781 0.14217
6.42 0.1879 0.136
6.43 0.18474 0.14135
6.44 0.18525 0.14005
6.45 0.18582 0.13764
6.46 0.18308 0.14076
6.47 0.18433 0.13975
6.48 0.18662 0.14248
6.49 0.18435 0.13985
6.50 0.18173 0.1362
6.51 0.17894 0.13965
6.52 0.1817 0.13886
6.53 0.18147 0.14135
6.54 0.18319 0.13858
6.55 0.18018 0.14144
6.56 0.1779 0.14228
6.57 0.18195 0.14277
6.58 0.18036 0.13965
6.59 0.17752 0.14008
6.60 0.17843 0.1421
6.61 0.17681 0.13931
6.62 0.17681 0.13972
6.63 0.17384 0.14066
6.64 0.17562 0.14014
6.65 0.1739 0.14157
6.66 0.17214 0.1401
6.67 0.17413 0.13994
6.68 0.17211 0.13861
6.69 0.17214 0.14291
6.70 0.17015 0.13994
6.71 0.1699 0.14083
6.72 0.16984 0.13758
6.73 0.16849 0.13514
6.74 0.16628 0.14014
6.75 0.16537 0.14377
6.76 0.16605 0.13848
6.77 0.1636 0.13664
6.78 0.16448 0.1416
6.79 0.16417 0.14099
6.80 0.16089 0.13686
6.81 0.16089 0.13743
6.82 0.16218 0.13901
6.83 0.16001 0.13529
6.84 0.15947 0.13953
6.85 0.15766 0.13784
6.86 0.15483 0.13583
6.87 0.15517 0.13889
6.88 0.15163 0.13781
6.89 0.15069 0.13524
6.90 0.15121 0.14141
6.91 0.15504 0.13733
6.92 0.14884 0.13723
6.93 0.14788 0.13885
6.94 0.14726 0.13455
6.95 0.14956 0.13852
6.96 0.14635 0.1384
6.97 0.14648 0.13857
6.98 0.14345 0.13655
6.99 0.14343 0.13881
7.00 0.14276 0.13447
7.01 0.141 0.13598
7.02 0.14103 0.13194
7.03 0.13781 0.13633
7.04 0.1382 0.13852
7.05 0.13932 0.13366
7.06 0.13634 0.13561
7.07 0.13622 0.1329
7.08 0.13558 0.13764
7.09 0.13555 0.13602
7.10 0.13326 0.13475
7.11 0.13131 0.13192
7.12 0.13109 0.13378
7.13 0.1289 0.13475
7.14 0.12869 0.13335
7.15 0.12705 0.12984
7.16 0.12632 0.13259
7.17 0.12562 0.13201
7.18 0.12442 0.13509
7.19 0.1232 0.13042
7.20 0.1206 0.13657
7.21 0.12205 0.1293
7.22 0.11631 0.12999
7.23 0.11949 0.12935
7.24 0.11879 0.13259
7.25 0.1165 0.1256
7.26 0.11302 0.12955
7.27 0.1153 0.1303
7.28 0.11349 0.12929
7.29 0.11328 0.1294
7.30 0.11238 0.12598
7.31 0.11098 0.12882
7.32 0.11059 0.12824
7.33 0.10766 0.12937
7.34 0.10968 0.12884
7.35 0.10584 0.13135
7.36 0.10262 0.12858
7.37 0.1033 0.12446
7.38 0.10081 0.12644
7.39 0.1033 0.1277
7.40 0.099481 0.124
7.41 0.098529 0.12597
7.42 0.097996 0.12671
7.43 0.096294 0.12287
7.44 0.093936 0.12269
7.45 0.096193 0.12683
7.46 0.093517 0.12274
7.47 0.094988 0.12385
7.48 0.09488 0.1231
7.49 0.090597 0.12505
7.50 0.091101 0.12431
7.51 0.089738 0.12326
7.52 0.088368 0.12328
7.53 0.088282 0.12323
7.54 0.087294 0.12166
7.55 0.087871 0.1214
7.56 0.086248 0.1208
7.57 0.08534 0.12127
7.58 0.080897 0.11651
7.59 0.08252 0.12014
7.60 0.080364 0.1197
7.61 0.079772 0.11688
7.62 0.079534 0.11978
7.63 0.077155 0.1156
7.64 0.076527 0.1169
7.65 0.076318 0.11737
7.66 0.074934 0.11906
7.67 0.07471 0.11715
7.68 0.073095 0.11503
7.69 0.073643 0.11552
7.70 0.072143 0.11534
7.71 0.071537 0.11556
7.72 0.069936 0.11631
7.73 0.069136 0.11576
7.74 0.069727 0.11236
7.75 0.067426 0.11504
7.76 0.067289 0.11114
7.77 0.067232 0.11342
7.78 0.062948 0.11079
7.79 0.062451 0.11366
7.80 0.06566 0.114
7.81 0.064023 0.1101
7.82 0.063309 0.11036
7.83 0.060713 0.11132
7.84 0.058946 0.11157
7.85 0.059653 0.10979
7.86 0.058189 0.10597
7.87 0.057186 0.10776
7.88 0.059501 0.10904
7.89 0.056314 0.11137
7.90 0.056105 0.10839
7.91 0.054504 0.10771
7.92 0.053494 0.10456
7.93 0.053653 0.10689
7.94 0.05216 0.10607
7.95 0.05234 0.10625
7.96 0.050191 0.10461
7.97 0.049672 0.103
7.98 0.049607 0.10819
7.99 0.049023 0.10595
8.00 0.048143 0.10653
8.01 0.047631 0.10521
8.02 0.04766 0.10354
8.03 0.046441 0.10154
8.04 0.045064 0.10198
8.05 0.045576 0.10251
8.06 0.045331 0.10433
8.07 0.044646 0.10123
8.08 0.044155 0.098634
8.09 0.042576 0.09866
8.10 0.041682 0.099652
8.11 0.041566 0.098806
8.12 0.04179 0.099573
8.13 0.042215 0.098845
8.14 0.040925 0.098488
8.15 0.039944 0.094111
8.16 0.037824 0.093979
8.17 0.037535 0.094839
8.18 0.037881 0.097219
8.19 0.037672 0.095196
8.20 0.036345 0.09669
8.21 0.03553 0.095209
8.22 0.0353 0.095169
8.23 0.034499 0.09181
8.24 0.034838 0.092815
8.25 0.033973 0.096386
8.26 0.033663 0.094323
8.27 0.034131 0.091718
8.28 0.033093 0.092987
8.29 0.031009 0.092339
8.30 0.031492 0.090567
8.31 0.030273 0.091586
8.32 0.031413 0.09107
8.33 0.029956 0.089999
8.34 0.02974 0.089417
8.35 0.029156 0.090144
8.36 0.02785 0.090025
8.37 0.028961 0.088663
8.38 0.027677 0.087473
8.39 0.027374 0.090118
8.40 0.026812 0.08701
8.41 0.026754 0.085569
8.42 0.026221 0.087804
8.43 0.026206 0.085675
8.44 0.025305 0.084167
8.45 0.024043 0.087486
8.46 0.025103 0.086243
8.47 0.023862 0.084776
8.48 0.024447 0.086442
8.49 0.023516 0.082501
8.50 0.022463 0.08426
8.51 0.023033 0.084194
8.52 0.022687 0.081351
8.53 0.021663 0.082951
8.54 0.021389 0.082514
8.55 0.020653 0.081324
8.56 0.021021 0.08028
8.57 0.020617 0.08024
8.58 0.019709 0.078574
8.59 0.020033 0.079526
8.60 0.019925 0.079579
8.61 0.019197 0.078931
8.62 0.019189 0.079182
8.63 0.018663 0.077767
8.64 0.017704 0.076604
8.65 0.01849 0.079037
8.66 0.018266 0.078587
8.67 0.0173 0.075189
8.68 0.017084 0.074422
8.69 0.017567 0.07462
8.70 0.017113 0.076458
8.71 0.016038 0.076775
8.72 0.016363 0.074779
8.73 0.016528 0.072927
8.74 0.015988 0.074805
8.75 0.014668 0.072094
8.76 0.014834 0.073536
8.77 0.014964 0.071737
8.78 0.014509 0.072967
8.79 0.014142 0.072266
8.80 0.013507 0.070547
8.81 0.013839 0.070878
8.82 0.013572 0.071909
8.83 0.012995 0.070243
8.84 0.012757 0.069185
8.85 0.012887 0.070164
8.86 0.012093 0.069714
8.87 0.011877 0.068974
8.88 0.012454 0.067136
8.89 0.012043 0.067598
8.90 0.011704 0.067836
8.91 0.011834 0.066884
8.92 0.01174 0.066633
8.93 0.010904 0.069198
8.94 0.010644 0.064425
8.95 0.01024 0.067519
8.96 0.010803 0.064226
8.97 0.01081 0.066369
8.98 0.010601 0.065271
8.99 0.010586 0.06416
9.00 0.010298 0.064676
9.01 0.0095262 0.063869
9.02 0.009346 0.064253
9.03 0.0096488 0.063195
9.04 0.0097137 0.063036
9.05 0.0089926 0.062415
9.06 0.0085166 0.063274
9.07 0.0087402 0.063367
9.08 0.009346 0.061952
9.09 0.0084445 0.06104
9.10 0.0080046 0.060246
9.11 0.0082498 0.061754
9.12 0.0083724 0.062415
9.13 0.0077306 0.059307
9.14 0.0076945 0.060259
9.15 0.0075575 0.057826
9.16 0.0079109 0.058871
9.17 0.0076152 0.057892
9.18 0.0076224 0.055671
9.19 0.0072258 0.055856
9.20 0.0070672 0.058633
9.21 0.0072402 0.057998
9.22 0.0067571 0.057654
9.23 0.0069878 0.056107
9.24 0.0064542 0.055089
9.25 0.0066561 0.055591
9.26 0.0060287 0.055234
9.27 0.0064902 0.054058
9.28 0.0065407 0.057403
9.29 0.006209 0.054785
9.30 0.0059278 0.055049
9.31 0.0059782 0.052775
9.32 0.0054951 0.053026
9.33 0.0055239 0.053978
9.34 0.0052571 0.051876
9.35 0.0052643 0.051849
9.36 0.0057619 0.053357
9.37 0.004911 0.052193
9.38 0.005459 0.052973
9.39 0.0051273 0.050963
9.40 0.0046874 0.050884
9.41 0.0051417 0.051003
9.42 0.0045937 0.050487
9.43 0.0051634 0.048464
9.44 0.0047162 0.049747
9.45 0.0044494 0.048583
9.46 0.0046153 0.04898
9.47 0.0041177 0.049429
9.48 0.0045071 0.049271
9.49 0.0041682 0.046785
9.50 0.0043124 0.047142
9.51 0.003411 0.046877
9.52 0.0043268 0.046586
9.53 0.0040961 0.047882
9.54 0.0039158 0.046309
9.55 0.0038581 0.047684
9.56 0.0033461 0.046732
9.57 0.0035624 0.047419
9.58 0.0036201 0.04574
9.59 0.0041033 0.044523
9.60 0.0035119 0.047419
9.61 0.0036994 0.044272
9.62 0.0038148 0.043902
9.63 0.0034038 0.044497
9.64 0.003036 0.044656
9.65 0.0031658 0.043254
9.66 0.0028052 0.043637
9.67 0.0027547 0.043333
9.68 0.0030721 0.042566
9.69 0.0025817 0.042156
9.70 0.0030144 0.0425
9.71 0.0029134 0.040345
9.72 0.0024302 0.041337
9.73 0.0029855 0.042923
9.74 0.002661 0.041799
9.75 0.0026971 0.043122
9.76 0.0024447 0.041839
9.77 0.0025168 0.040517
9.78 0.0024807 0.040702
9.79 0.0024663 0.040993
9.80 0.002387 0.040014
9.81 0.0022788 0.039525
9.82 0.0027043 0.038639
9.83 0.0022932 0.040041
9.84 0.0021201 0.038811
9.85 0.0020697 0.037594
9.86 0.0022716 0.03815
9.87 0.0020985 0.037713
9.88 0.0020192 0.039644
9.89 0.0018966 0.03606
9.90 0.0019687 0.036735
9.91 0.0021923 0.038917
9.92 0.0019759 0.035624
9.93 0.0022283 0.037687
9.94 0.0019182 0.036404
9.95 0.0017163 0.036576
9.96 0.0019399 0.035571
9.97 0.0014711 0.037158
9.98 0.0019038 0.035968
9.99 0.0020048 0.035809
10.00 0.001637 0.035135
10.01 0.0018461 0.034421
10.02 0.0015937 0.03565
10.03 0.0017091 0.033045
10.04 0.0014783 0.033693
10.05 0.0017812 0.035717
10.06 0.0015 0.033799
10.07 0.001298 0.032702
10.08 0.0017163 0.032913
10.09 0.0016154 0.034659
10.10 0.0015649 0.032675
10.11 0.001298 0.032054
10.12 0.0016154 0.03167
10.13 0.0011971 0.03294
10.14 0.0014206 0.029991
10.15 0.0012836 0.03204
10.16 0.0012548 0.031234
10.17 0.0012115 0.030797
10.18 0.0012259 0.030414
10.19 0.0013557 0.031908
10.20 0.0011971 0.030956
10.21 0.0010817 0.03052
10.22 0.0011394 0.029264
10.23 0.0011971 0.030626
10.24 0.0012115 0.031406
10.25 0.0013341 0.029224
10.26 0.0009519 0.029634
10.27 0.00096633 0.029264
10.28 0.0008221 0.027968
10.29 0.00089421 0.03003
10.30 0.0010384 0.028589
10.31 0.00096633 0.027769
10.32 0.0010168 0.028338
10.33 0.0011178 0.027677
10.34 0.00086537 0.028536
10.35 0.00084373 0.028351
10.36 0.00077162 0.027373
10.37 0.00073556 0.026923
10.38 0.00092306 0.026288
10.39 0.00086537 0.026804
10.40 0.00087258 0.027267
10.41 0.00085815 0.027703
10.42 0.00080768 0.025759
10.43 0.00068508 0.026791
10.44 0.00097354 0.026434
10.45 0.00076441 0.02572
10.46 0.00062739 0.025349
10.47 0.00067066 0.02613
10.48 0.0007572 0.026169
10.49 0.00073556 0.026315
10.50 0.00059855 0.024093
10.51 0.00061297 0.024794
10.52 0.00062739 0.02613
10.53 0.00061297 0.023617
10.54 0.00061297 0.024728
10.55 0.00059855 0.024437
10.56 0.00049759 0.025376
10.57 0.00053364 0.023485
10.58 0.00045432 0.023366
10.59 0.00059855 0.023353
10.60 0.00062739 0.024331
10.61 0.00053364 0.023948
10.62 0.00051922 0.023406
10.63 0.00046153 0.024106
10.64 0.0006346 0.023815
10.65 0.00043989 0.023154
10.66 0.00034615 0.022863
10.67 0.00054807 0.022229
10.68 0.00041826 0.023366
10.69 0.00047595 0.02203
10.70 0.00044711 0.021422
10.71 0.00049037 0.022123
10.72 0.00049759 0.021766
10.73 0.00056249 0.021713
10.74 0.00045432 0.0217
10.75 0.00054085 0.020364
10.76 0.00029567 0.022837
10.77 0.00049759 0.020179
10.78 0.00053364 0.021607
10.79 0.00036778 0.022017
10.80 0.00038941 0.021501
10.81 0.00047595 0.020034
10.82 0.00033172 0.021118
10.83 0.00033172 0.020232
10.84 0.00043268 0.019663
10.85 0.00039663 0.018526
10.86 0.00046153 0.019452
10.87 0.00041826 0.019981
10.88 0.00029567 0.021409
10.89 0.0003173 0.019015
10.90 0.00026682 0.018354
10.91 0.00026682 0.019624
10.92 0.00027403 0.018169
10.93 0.00034615 0.019399
10.94 0.00034615 0.018658
10.95 0.00037499 0.020073
10.96 0.00037499 0.020629
10.97 0.00040384 0.018711
10.98 0.00023076 0.018182
10.99 0.00020192 0.018632
11.00 0.00021634 0.01764
11.01 0.00020913 0.017495
11.02 0.00020192 0.01887
11.03 0.00024519 0.017865
11.04 0.00023798 0.016992
11.05 0.00018028 0.017667
11.06 0.00019471 0.017838
11.07 0.00029567 0.016939
11.08 0.00027403 0.017045
11.09 0.00012259 0.016648
11.10 0.00031009 0.017574
11.11 0.00033172 0.016278
11.12 0.00032451 0.017243
11.13 0.00031009 0.016529
11.14 0.00013702 0.015604
11.15 0.00024519 0.016741
11.16 0.00019471 0.015749
11.17 0.0001875 0.016252
11.18 0.00015865 0.016027
11.19 0.00026682 0.016701
11.20 0.0001875 0.016133
11.21 0.00015865 0.01485
11.22 0.00011538 0.016357
11.23 0.00021634 0.015181
11.24 0.00015865 0.013951
11.25 0.0001875 0.016265
11.26 0.00010817 0.014943
11.27 0.0001298 0.014638
11.28 0.00015144 0.014599
11.29 0.00012259 0.014797
11.30 0.00014423 0.015167
11.31 0.00015144 0.014374
11.32 0.0001875 0.014149
11.33 0.00011538 0.014387
11.34 0.00022355 0.015207
11.35 0.0001875 0.014612
11.36 0.0001298 0.014004
11.37 0.00017307 0.014559
11.38 0.00013702 0.013118
11.39 7.9325e-05 0.014123
11.40 7.9325e-05 0.013673
11.41 0.00014423 0.01399
11.42 0.00018028 0.013673
11.43 5.048e-05 0.01325
11.44 8.6537e-05 0.013435
11.45 0.00014423 0.014321
11.46 0.00014423 0.012139
11.47 0.00010817 0.013752
11.48 0.00011538 0.013911
11.49 7.2114e-05 0.012562
11.50 0.00011538 0.012946
11.51 0.0001298 0.013885
11.52 9.3748e-05 0.013104
11.53 0.00020913 0.012695
11.54 0.00015144 0.01288
11.55 0.00015865 0.012642
11.56 0.00015144 0.012179
11.57 0.00013702 0.012179
11.58 8.6537e-05 0.012708
11.59 0.00013702 0.012747
11.60 7.2114e-05 0.012311
11.61 0.0001298 0.013197
11.62 8.6537e-05 0.011637
11.63 0.00010817 0.012985
11.64 7.2114e-05 0.012179
11.65 7.2114e-05 0.012536
11.66 0.0001298 0.012417
11.67 6.4902e-05 0.011478
11.68 5.048e-05 0.012285
11.69 9.3748e-05 0.012047
11.70 7.2114e-05 0.012337
11.71 7.2114e-05 0.011703
11.72 0.00011538 0.011597
11.73 3.6057e-05 0.011081
11.74 7.2114e-05 0.01202
11.75 0.00010096 0.010936
11.76 9.3748e-05 0.01079
11.77 7.2114e-05 0.010235
11.78 7.2114e-05 0.01083
11.79 0.00010096 0.010962
11.80 2.8846e-05 0.010354
11.81 5.048e-05 0.0099705
11.82 9.3748e-05 0.010222
11.83 3.6057e-05 0.010275
11.84 7.9325e-05 0.010777
11.85 9.3748e-05 0.011319
11.86 7.9325e-05 0.010037
11.87 2.8846e-05 0.010711
11.88 7.9325e-05 0.009825
11.89 0.00010096 0.0097192
11.90 5.7691e-05 0.009349
11.91 7.2114e-05 0.0094812
11.92 8.6537e-05 0.010354
11.93 7.9325e-05 0.0097192
11.94 3.6057e-05 0.010195
11.95 7.9325e-05 0.0091771
11.96 1.4423e-05 0.009825
11.97 2.1634e-05 0.0098779
11.98 1.4423e-05 0.0096796
11.99 5.7691e-05 0.009468
12.00 5.048e-05 0.0096399
12.01 4.3268e-05 0.010182
12.02 4.3268e-05 0.0089126
12.03 5.048e-05 0.0090713
12.04 6.4902e-05 0.0087936
12.05 4.3268e-05 0.0095473
12.06 5.7691e-05 0.0091506
12.07 5.048e-05 0.0089391
12.08 7.2114e-06 0.0083308
12.09 4.3268e-05 0.0083969
12.10 5.7691e-05 0.0092829
12.11 2.8846e-05 0.0086217
12.12 8.6537e-05 0.0094416
12.13 2.8846e-05 0.0078283
12.14 3.6057e-05 0.0087143
12.15 0 0.0088729
12.16 2.8846e-05 0.0081457
12.17 6.4902e-05 0.0087936
12.18 2.1634e-05 0.0086614
12.19 4.3268e-05 0.0077357
12.20 5.048e-05 0.0091903
12.21 7.2114e-06 0.0071407
12.22 5.7691e-05 0.0082647
12.23 5.7691e-05 0.0078283
12.24 2.8846e-05 0.0081853
12.25 4.3268e-05 0.0084895
12.26 2.8846e-05 0.0084233
12.27 2.1634e-05 0.0077225
12.28 5.7691e-05 0.0082118
12.29 6.4902e-05 0.0078812
12.30 1.4423e-05 0.0077489
12.31 2.8846e-05 0.0082382
12.32 1.4423e-05 0.0084366
12.33 2.1634e-05 0.0076432
12.34 7.2114e-06 0.0073919
12.35 1.4423e-05 0.0072861
12.36 2.1634e-05 0.0071274
12.37 0 0.0070746
12.38 0 0.0076696
12.39 6.4902e-05 0.0072994
12.40 1.4423e-05 0.006744
12.41 2.1634e-05 0.0080134
12.42 2.8846e-05 0.0070217
12.43 2.8846e-05 0.0080002
12.44 2.8846e-05 0.008106
12.45 2.1634e-05 0.0069555
12.46 1.4423e-05 0.0070481
12.47 2.1634e-05 0.0065853
12.48 2.8846e-05 0.0071936
12.49 1.4423e-05 0.0065324
12.50 2.8846e-05 0.0070349
12.51 2.1634e-05 0.0073522
12.52 7.2114e-06 0.0060299
12.53 2.1634e-05 0.007101
12.54 2.1634e-05 0.0066778
12.55 1.4423e-05 0.0069423
12.56 1.4423e-05 0.0065324
12.57 0 0.0068365
12.58 7.2114e-06 0.0066911
12.59 7.2114e-06 0.0068762
12.60 2.8846e-05 0.0061886
12.61 0 0.0066646
12.62 5.7691e-05 0.0063869
12.63 7.2114e-06 0.0066646
12.64 0 0.0060563
12.65 7.2114e-06 0.0068233
12.66 7.2114e-06 0.0055274
12.67 1.4423e-05 0.0071407
12.68 0 0.0067572
12.69 0 0.0063473
12.70 0 0.0054877
12.71 0 0.0057787
12.72 1.4423e-05 0.0061754
12.73 0 0.0067969
12.74 0 0.0058448
12.75 4.3268e-05 0.0052629
12.76 0 0.0054216
12.77 0 0.0061489
12.78 0 0.0058844
12.79 2.1634e-05 0.0050117
12.80 0 0.0056464
12.81 1.4423e-05 0.0054084
12.82 1.4423e-05 0.0055142
12.83 7.2114e-06 0.0055935
12.84 7.2114e-06 0.0051704
12.85 7.2114e-06 0.005501
12.86 1.4423e-05 0.0055935
12.87 2.1634e-05 0.0059241
12.88 7.2114e-06 0.0052233
12.89 0 0.0056596
12.90 1.4423e-05 0.0050381
12.91 1.4423e-05 0.0059109
12.92 7.2114e-06 0.0053026
12.93 7.2114e-06 0.0060563
12.94 0 0.0050117
12.95 2.8846e-05 0.0051307
12.96 7.2114e-06 0.0052233
12.97 7.2114e-06 0.0045621
12.98 0 0.0049456
12.99 0 0.0049191
13.00 7.2114e-06 0.0051175
13.01 7.2114e-06 0.0051439
13.02 0 0.0050646
13.03 0 0.0048927
13.04 7.2114e-06 0.0053158
13.05 1.4423e-05 0.00521
13.06 3.6057e-05 0.0046679
13.07 7.2114e-06 0.0054745
13.08 3.6057e-05 0.0054481
13.09 7.2114e-06 0.0046282
13.10 0 0.0054877
13.11 1.4423e-05 0.0047208
13.12 0 0.0048927
13.13 2.1634e-05 0.0045092
13.14 4.3268e-05 0.0053687
13.15 0 0.0045885
13.16 0 0.0043902
13.17 2.1634e-05 0.0049456
13.18 0 0.0040464
13.19 0 0.0049059
13.20 0 0.0045753
13.21 0 0.0043241
13.22 0 0.0042315
13.23 7.2114e-06 0.004496
13.24 7.2114e-06 0.0048398
13.25 0 0.0040596
13.26 7.2114e-06 0.0043902
13.27 7.2114e-06 0.0044166
13.28 0 0.0043902
13.29 0 0.0043373
13.30 1.4423e-05 0.0044828
13.31 1.4423e-05 0.0045356
13.32 7.2114e-06 0.0034513
13.33 0 0.0042183
13.34 0 0.0036893
13.35 1.4423e-05 0.0041125
13.36 7.2114e-06 0.0037951
13.37 0 0.0039935
13.38 7.2114e-06 0.0044166
13.39 0 0.0039406
13.40 0 0.0042051
13.41 0 0.0043373
13.42 0 0.0040993
13.43 7.2114e-06 0.0035571
13.44 0 0.0035042
13.45 0 0.0043637
13.46 7.2114e-06 0.0041125
13.47 0 0.0040464
13.48 0 0.0037555
13.49 7.2114e-06 0.0034513
13.50 0 0.0040728
13.51 2.1634e-05 0.0038084
13.52 0 0.0037687
13.53 0 0.0035439
13.54 0 0.0042844
13.55 0 0.0037555
13.56 0 0.003253
13.57 0 0.0037555
13.58 7.2114e-06 0.0041125
13.59 0 0.0038084
13.60 0 0.0039009
13.61 0 0.0038613
13.62 0 0.0037422
13.63 0 0.00361
13.64 2.1634e-05 0.0034645
13.65 0 0.0031207
13.66 0 0.0035439
13.67 0 0.0037951
13.68 0 0.0038084
13.69 0 0.0034778
13.70 0 0.0033984
13.71 7.2114e-06 0.003491
13.72 7.2114e-06 0.0034513
13.73 0 0.0034778
13.74 0 0.0034513
13.75 0 0.0030811
13.76 0 0.0034513
13.77 0 0.0034117
13.78 1.4423e-05 0.0034645
13.79 0 0.0035174
13.80 2.1634e-05 0.0031075
13.81 0 0.0028959
13.82 0 0.0029356
13.83 0 0.0030149
13.84 0 0.0034117
13.85 0 0.0030943
13.86 0 0.0027505
13.87 7.2114e-06 0.003372
13.88 0 0.0032265
13.89 0 0.0028959
13.90 0 0.00361
13.91 0 0.0033323
13.92 0 0.0032133
13.93 0 0.0029621
13.94 7.2114e-06 0.0030546
13.95 0 0.0030811
13.96 0 0.003372
13.97 0 0.0032133
13.98 0 0.0027505
13.99 0 0.0032397
14.00 0 0.003491
14.01 0 0.0029488
14.02 0 0.002843
14.03 0 0.0027902
14.04 0 0.0027902
14.05 0 0.002724
14.06 0 0.0031869
14.07 0 0.0030017
14.08 0 0.002367
14.09 0 0.002486
14.10 0 0.0032397
14.11 0 0.0028034
14.12 0 0.0028298
14.13 0 0.0024067
14.14 0 0.0028827
14.15 0 0.0029224
14.16 0 0.0025654
14.17 0 0.0024596
14.18 0 0.002724
14.19 0 0.0026315
14.20 0 0.0024067
14.21 0 0.0026711
14.22 0 0.0025786
14.23 0 0.0030546
14.24 0 0.0030414
14.25 0 0.0025257
14.26 0 0.002486
14.27 0 0.0024067
14.28 0 0.002605
14.29 0 0.0023538
14.30 0 0.0027769
14.31 0 0.0026447
14.32 0 0.002486
14.33 0 0.0029885
14.34 0 0.0024463
14.35 0 0.0023406
14.36 1.4423e-05 0.0024067
14.37 0 0.0024728
14.38 0 0.0024067
14.39 0 0.0021554
14.40 0 0.0022348
14.41 0 0.0022877
14.42 0 0.0025389
14.43 0 0.002248
14.44 0 0.0024728
14.45 0 0.0024199
14.46 0 0.0025389
14.47 0 0.0024992
14.48 0 0.0024067
14.49 0 0.0023406
14.50 0 0.0025389
14.51 0 0.0020232
14.52 0 0.002248
14.53 0 0.0024331
14.54 0 0.0018116
14.55 0 0.0022348
14.56 0 0.0021951
14.57 0 0.0024067
14.58 0 0.0023406
14.59 0 0.0021422
14.60 0 0.0019703
14.61 0 0.0018645
14.62 0 0.0022215
14.63 0 0.0020629
14.64 0 0.0021422
14.65 0 0.0021422
14.66 0 0.0022877
14.67 0 0.0018248
14.68 0 0.0022215
14.69 0 0.0021554
14.70 0 0.0019042
14.71 0 0.002129
14.72 1.4423e-05 0.0022215
14.73 0 0.0021819
14.74 0 0.0019438
14.75 0 0.0016662
14.76 0 0.0019703
14.77 0 0.002367
14.78 0 0.0018513
14.79 0 0.0018248
14.80 0 0.0016794
14.81 0 0.0022215
14.82 0 0.0019042
14.83 0 0.0021819
14.84 0 0.0016662
14.85 0 0.0016794
14.86 0 0.0018381
14.87 0 0.0015868
14.88 0 0.0016662
14.89 0 0.0019174
14.90 0 0.0015868
14.91 0 0.0015339
14.92 0 0.0017455
14.93 0 0.0018381
14.94 0 0.0015471
14.95 0 0.0016265
14.96 0 0.0021025
14.97 0 0.0016662
14.98 0 0.0018116
14.99 0 0.0018381
15.00 1.4423e-05 0.0017984
15.01 0 0.0018513
15.02 0 0.0016662
15.03 0 0.001362
15.04 0 0.0015075
15.05 0 0.0015868
15.06 0 0.0016926
15.07 0 0.0017852
15.08 0 0.0016265
15.09 0 0.0018381
15.10 0 0.001362
15.11 0 0.0013885
15.12 0 0.0012959
15.13 0 0.0015471
15.14 0 0.0017058
15.15 0 0.0016397
15.16 0 0.0015736
15.17 0 0.0015868
15.18 0 0.0016
15.19 0 0.0016794
15.20 0 0.0011637
15.21 0 0.0015075
15.22 0 0.0013488
15.23 0 0.0016662
15.24 0 0.0013091
15.25 0 0.0015736
15.26 0 0.0016529
15.27 0 0.0015604
15.28 0 0.0014149
15.29 0 0.0015207
15.30 0 0.0014281
15.31 0 0.0014546
15.32 0 0.001362
15.33 0 0.0011901
15.34 0 0.001362
15.35 0 0.0014017
15.36 0 0.0016529
15.37 0 0.0012695
15.38 0 0.0015604
15.39 0 0.0013885
15.40 0 0.0013356
15.41 0 0.0014281
15.42 0 0.001362
15.43 0 0.0012033
15.44 0 0.0015339
15.45 0 0.0014414
15.46 0 0.0012827
15.47 0 0.0012959
15.48 0 0.0014414
15.49 0 0.0016265
15.50 0 0.0011901
15.51 0 0.0013356
15.52 0 0.0012166
15.53 0 0.0010182
15.54 0 0.0015736
15.55 0 0.0010843
15.56 0 0.0011372
15.57 0 0.0012827
15.58 0 0.001243
15.59 0 0.0012562
15.60 0 0.0016
15.61 0 0.0010843
15.62 0 0.0011372
15.63 0 0.0011504
15.64 0 0.001243
15.65 0 0.001243
15.66 0 0.0010447
15.67 0 0.0012827
15.68 0 0.0010975
15.69 0 0.0013885
15.70 0 0.0010447
15.71 0 0.0015339
15.72 0 0.0010447
15.73 0 0.0010314
15.74 7.2114e-06 0.00088597
15.75 0 0.0011769
15.76 0 0.0011901
15.77 0 0.00099176
15.78 0 0.0011637
15.79 0 0.0010579
15.80 0 0.0010447
15.81 0 0.0010843
15.82 0 0.0013356
15.83 0 0.0012562
15.84 0 0.00093887
15.85 0 0.00092564
15.86 0 0.001243
15.87 0 0.0011372
15.88 0 0.00097854
15.89 0 0.0012033
15.90 0 0.001481
15.91 0 0.0010711
15.92 0 0.0011901
15.93 0 0.0011108
15.94 0 0.0010711
15.95 0 0.0011504
15.96 0 0.0014414
15.97 0 0.001243
15.98 0 0.0012033
15.99 0 0.00097854
16.00 0 0.0010975
16.01 0 0.001124
16.02 0 0.0014149
16.03 0 0.0010843
16.04 0 0.001124
16.05 0 0.0010447
16.06 0 0.0010314
16.07 0 0.0010579
16.08 0 0.00091242
16.09 0 0.0010314
16.10 0 0.00091242
16.11 0 0.00093887
16.12 0 0.00081985
16.13 0 0.0011108
16.14 0 0.00092564
16.15 0 0.0010182
16.16 0 0.0010843
16.17 0 0.001005
16.18 0 0.0008463
16.19 0 0.00068762
16.20 0 0.0010447
16.21 0 0.00095209
16.22 0 0.0010975
16.23 0 0.00097854
16.24 7.2114e-06 0.00096531
16.25 0 0.00099176
16.26 0 0.00063473
16.27 0 0.00081985
16.28 0 0.00075374
16.29 0 0.00092564
16.30 0 0.001005
16.31 0 0.0006215
16.32 0 0.0010711
16.33 0 0.0008463
16.34 0 0.00088597
16.35 0 0.00095209
16.36 0 0.00099176
16.37 0 0.00092564
16.38 0 0.00075374
16.39 0 0.0010182
16.40 0 0.0010314
16.41 0 0.0011901
16.42 0 0.00088597
16.43 0 0.00075374
16.44 0 0.00091242
16.45 0 0.00080663
16.46 0 0.00080663
16.47 0 0.00093887
16.48 0 0.001124
16.49 0 0.00080663
16.50 0 0.00081985
16.51 0 0.0006744
16.52 0 0.001005
16.53 0 0.00072729
16.54 0 0.00054216
16.55 0 0.00099176
16.56 0 0.00078018
16.57 0 0.00068762
16.58 0 0.00096531
16.59 0 0.00071407
16.60 0 0.00088597
16.61 0 0.001005
16.62 0 0.00072729
16.63 0 0.0010182
16.64 0 0.0008992
16.65 0 0.00088597
16.66 0 0.00092564
16.67 0 0.00072729
16.68 0 0.00096531
16.69 0 0.00052894
16.70 0 0.00068762
16.71 0 0.00056861
16.72 0 0.0008463
16.73 0 0.0008463
16.74 0 0.0006215
16.75 0 0.0008463
16.76 0 0.00060828
16.77 0 0.00079341
16.78 0 0.00088597
16.79 0 0.0006744
16.80 0 0.00087275
16.81 0 0.00081985
16.82 0 0.00075374
16.83 0 0.00079341
16.84 0 0.00075374
16.85 0 0.00074051
16.86 0 0.00075374
16.87 0 0.00060828
16.88 0 0.00083308
16.89 0 0.00060828
16.90 0 0.00085953
16.91 0 0.00070084
16.92 0 0.00054216
16.93 0 0.00068762
16.94 0 0.00088597
16.95 0 0.00064795
16.96 0 0.00066117
16.97 0 0.00072729
16.98 0 0.0004496
16.99 0 0.00083308
17.00 0 0.00066117
17.01 0 0.00074051
17.02 0 0.0006744
17.03 0 0.00075374
17.04 0 0.00060828
17.05 0 0.00075374
17.06 0 0.00072729
17.07 0 0.00080663
17.08 0 0.00070084
17.09 0 0.00081985
17.10 0 0.00079341
17.11 0 0.0010182
17.12 0 0.00060828
17.13 0 0.0006215
17.14 0 0.00075374
17.15 0 0.00091242
17.16 0 0.00085953
17.17 0 0.00081985
17.18 0 0.00072729
17.19 0 0.00064795
17.20 0 0.00080663
17.21 0 0.00055539
17.22 0 0.00060828
17.23 0 0.00068762
17.24 0 0.00060828
17.25 0 0.00047604
17.26 0 0.00054216
17.27 0 0.00074051
17.28 0 0.00051572
17.29 0 0.00064795
17.30 0 0.00060828
17.31 0 0.00071407
17.32 0 0.00060828
17.33 0 0.00087275
17.34 0 0.00056861
17.35 0 0.00097854
17.36 0 0.00064795
17.37 0 0.00060828
17.38 0 0.00095209
17.39 0 0.00092564
17.40 0 0.00072729
17.41 0 0.00063473
17.42 0 0.00054216
17.43 0 0.0010447
17.44 0 0.00071407
17.45 0 0.00068762
17.46 0 0.00083308
17.47 0 0.00072729
17.48 0 0.00070084
17.49 0 0.00055539
17.50 0 0.00083308
17.51 0 0.00060828
17.52 0 0.00059506
17.53 0 0.00059506
17.54 0 0.00066117
17.55 0 0.00058183
17.56 0 0.00040993
17.57 0 0.00074051
17.58 0 0.00083308
17.59 0 0.00064795
17.60 0 0.00035703
17.61 0 0.00054216
17.62 0 0.00066117
17.63 0 0.00074051
17.64 0 0.0006215
17.65 0 0.00060828
17.66 0 0.00054216
17.67 0 0.00064795
17.68 0 0.00078018
17.69 0 0.00060828
17.70 0 0.0006744
17.71 0 0.00081985
17.72 0 0.00075374
17.73 0 0.00074051
17.74 0 0.00074051
17.75 0 0.00063473
17.76 0 0.00075374
17.77 0 0.00072729
17.78 0 0.00059506
17.79 0 0.00074051
17.80 0 0.00063473
17.81 0 0.00047604
17.82 0 0.0004496
17.83 0 0.00040993
17.84 0 0.00072729
17.85 0 0.00070084
17.86 0 0.00055539
17.87 0 0.00030414
17.88 0 0.0006215
17.89 0 0.00070084
17.90 0 0.00071407
17.91 0 0.0006744
17.92 0 0.00043637
17.93 0 0.00056861
17.94 0 0.00054216
17.95 0 0.0006215
17.96 0 0.00059506
17.97 0 0.00064795
17.98 0 0.0006215
17.99 0 0.00075374
18.00 0 0.0006215
18.01 0 0.00063473
18.02 0 0.00058183
18.03 0 0.00055539
18.04 0 0.00076696
18.05 0 0.00058183
18.06 0 0.00068762
18.07 0 0.00059506
18.08 0 0.00074051
18.09 0 0.00066117
18.10 0 0.00037026
18.11 0 0.00074051
18.12 0 0.00056861
18.13 0 0.00060828
18.14 0 0.00054216
18.15 0 0.00058183
18.16 0 0.0006215
18.17 0 0.00040993
18.18 0 0.0006215
18.19 0 0.0004496
18.20 0 0.00058183
18.21 0 0.00060828
18.22 0 0.00058183
18.23 0 0.00042315
18.24 0 0.00052894
18.25 0 0.00058183
18.26 0 0.00051572
18.27 0 0.00063473
18.28 0 0.00052894
18.29 0 0.00060828
18.30 0 0.00050249
18.31 0 0.00046282
18.32 0 0.00031736
18.33 0 0.00048927
18.34 0 0.00068762
18.35 0 0.00042315
18.36 0 0.00066117
18.37 0 0.00050249
18.38 0 0.00058183
18.39 0 0.0004496
18.40 0 0.00046282
18.41 0 0.00046282
18.42 0 0.00056861
18.43 0 0.00074051
18.44 0 0.00047604
18.45 0 0.00052894
18.46 0 0.00050249
18.47 0 0.00048927
18.48 0 0.00068762
18.49 0 0.0004496
18.50 0 0.00054216
18.51 0 0.00043637
18.52 0 0.00050249
18.53 0 0.00055539
18.54 0 0.00058183
18.55 0 0.00064795
18.56 0 0.0003967
18.57 0 0.0004496
18.58 0 0.00060828
18.59 0 0.00048927
18.60 0 0.00037026
18.61 0 0.00043637
18.62 0 0.00058183
18.63 0 0.00043637
18.64 0 0.00059506
18.65 0 0.00056861
18.66 0 0.00054216
18.67 0 0.00050249
18.68 0 0.00052894
18.69 0 0.00051572
18.70 0 0.00058183
18.71 0 0.00031736
18.72 0 0.00051572
18.73 0 0.00052894
18.74 0 0.00040993
18.75 0 0.00050249
18.76 0 0.00066117
18.77 0 0.00027769
18.78 0 0.00050249
18.79 0 0.00056861
18.80 0 0.00055539
18.81 0 0.00047604
18.82 0 0.0003967
18.83 0 0.0006744
18.84 0 0.00042315
18.85 0 0.00042315
18.86 0 0.00046282
18.87 0 0.00058183
18.88 0 0.00074051
18.89 0 0.00046282
18.90 0 0.00056861
18.91 0 0.00035703
18.92 0 0.00063473
18.93 0 0.00056861
18.94 0 0.00042315
18.95 0 0.00050249
18.96 0 0.00046282
18.97 0 0.0006215
18.98 0 0.00054216
18.99 0 0.00063473
19.00 0 0.00052894
19.01 0 0.00051572
19.02 0 0.0003967
19.03 0 0.00038348
19.04 0 0.00048927
19.05 0 0.00055539
19.06 0 0.0003967
19.07 0 0.00038348
19.08 0 0.00037026
19.09 0 0.00051572
19.10 0 0.00076696
19.11 0 0.00042315
19.12 0 0.00037026
19.13 0 0.00064795
19.14 0 0.00047604
19.15 0 0.00047604
19.16 0 0.00031736
19.17 0 0.00048927
19.18 0 0.00051572
19.19 0 0.00038348
19.20 0 0.00048927
19.21 0 0.00043637
19.22 0 0.00046282
19.23 0 0.00055539
19.24 0 0.00054216
19.25 0 0.00040993
19.26 0 0.00051572
19.27 0 0.00051572
19.28 0 0.00056861
19.29 0 0.00048927
19.30 0 0.00056861
19.31 0 0.00046282
19.32 0 0.00033059
19.33 0 0.00050249
19.34 0 0.00048927
19.35 0 0.00059506
19.36 0 0.0003967
19.37 0 0.00040993
19.38 0 0.00035703
19.39 0 0.00040993
19.40 0 0.00043637
19.41 0 0.00038348
19.42 0 0.00060828
19.43 0 0.00029092
19.44 0 0.00056861
19.45 0 0.00046282
19.46 0 0.00056861
19.47 0 0.00040993
19.48 0 0.00030414
19.49 0 0.00038348
19.50 0 0.00033059
19.51 0 0.00058183
19.52 0 0.00034381
19.53 0 0.00059506
19.54 0 0.00029092
19.55 0 0.00050249
19.56 0 0.00037026
19.57 0 0.00043637
19.58 0 0.00034381
19.59 0 0.00043637
19.60 0 0.00037026
19.61 0 0.00048927
19.62 0 0.0004496
19.63 0 0.00030414
19.64 0 0.00040993
19.65 0 0.00033059
19.66 0 0.00052894
19.67 0 0.00037026
19.68 0 0.00058183
19.69 0 0.00035703
19.70 0 0.00054216
19.71 0 0.00048927
19.72 0 0.00046282
19.73 0 0.00051572
19.74 0 0.00047604
19.75 0 0.00033059
19.76 0 0.00033059
19.77 0 0.00046282
19.78 0 0.00051572
19.79 0 0.00052894
19.80 0 0.00038348
19.81 0 0.00031736
19.82 0 0.00034381
19.83 0 0.00048927
19.84 0 0.00034381
19.85 0 0.00047604
19.86 0 0.00047604
19.87 0 0.00042315
19.88 0 0.0002248
19.89 0 0.00040993
19.90 0 0.00050249
19.91 0 0.00026447
19.92 0 0.00023802
19.93 0 0.00054216
19.94 0 0.00040993
19.95 0 0.00033059
19.96 0 0.00052894
19.97 0 0.00035703
19.98 0 0.0004496
19.99 0 0.00025125
20.00 0 0
