  0.44196670E+00  0.27717036E-03
  0.31172245E+00  0.34335714E-03
  0.22791077E+00  0.39632275E-03
  0.17051421E+00  0.44288474E-03
  0.12954651E+00  0.47998078E-03
  0.99507486E-01  0.50494071E-03
  0.77085207E-01  0.51563073E-03
  0.60139817E-01  0.52182400E-03
  0.47214119E-01  0.52611695E-03
  0.37281258E-01  0.52942926E-03
  0.29601542E-01  0.53450231E-03
  0.23633018E-01  0.54090588E-03
  0.18971207E-01  0.54545664E-03
  0.15310720E-01  0.54635644E-03
  0.12430138E-01  0.54439037E-03
  0.10151163E-01  0.54715776E-03
  0.83399572E-02  0.55390790E-03
  0.68946025E-02  0.55878661E-03
  0.57313217E-02  0.55923068E-03
  0.47901630E-02  0.55642078E-03
  0.40229204E-02  0.55459106E-03
  0.33884087E-02  0.55303851E-03
  0.28651299E-02  0.55075333E-03
  0.24310993E-02  0.55101980E-03
  0.20622560E-02  0.55059376E-03
  0.17539051E-02  0.54887129E-03
  0.14923402E-02  0.55004806E-03
  0.12668591E-02  0.55666577E-03
  0.10807192E-02  0.55897529E-03
  0.93034280E-03  0.55894225E-03
  0.80285028E-03  0.56079344E-03
  0.70041418E-03  0.56686603E-03
  0.61334415E-03  0.57124186E-03
  0.53898277E-03  0.57380981E-03
  0.47631523E-03  0.57722809E-03
  0.42558696E-03  0.57221441E-03
  0.37807544E-03  0.56724901E-03
  0.33068621E-03  0.55983385E-03
  0.29125626E-03  0.55062319E-03
  0.25771184E-03  0.54135237E-03
  0.22576402E-03  0.53523758E-03
  0.19463558E-03  0.53580973E-03
  0.16353471E-03  0.54036078E-03
  0.14051879E-03  0.54766565E-03
  0.12088467E-03  0.55632719E-03
  0.10433439E-03  0.56403498E-03
  0.89391695E-04  0.57230145E-03
  0.77102842E-04  0.57702530E-03
  0.64162242E-04  0.57876089E-03
  0.49104732E-04  0.58092461E-03
  0.32885117E-04  0.58735420E-03
  0.16854439E-04  0.59267435E-03
  0.31540179E-05  0.59767500E-03
 -0.10906139E-04  0.59945885E-03
 -0.26767080E-04  0.59107989E-03
 -0.41221985E-04  0.58379487E-03
 -0.51493965E-04  0.57822523E-03
 -0.58194593E-04  0.57431804E-03
 -0.66356837E-04  0.57480281E-03
 -0.70066933E-04  0.57965897E-03
 -0.76790048E-04  0.58177505E-03
 -0.77149645E-04  0.58170745E-03
 -0.73959336E-04  0.58261691E-03
 -0.72485721E-04  0.58479129E-03
 -0.73997544E-04  0.58487527E-03
 -0.74340986E-04  0.58368003E-03
 -0.67737176E-04  0.57955819E-03
 -0.60760093E-04  0.57912309E-03
 -0.55671970E-04  0.57911211E-03
 -0.55185705E-04  0.57880394E-03
 -0.56230380E-04  0.57935374E-03
 -0.59670518E-04  0.57718264E-03
 -0.64338236E-04  0.57858944E-03
 -0.67567301E-04  0.59108145E-03
 -0.69474002E-04  0.60139563E-03
 -0.65311017E-04  0.60405449E-03
 -0.57310759E-04  0.60764455E-03
 -0.46344198E-04  0.60978267E-03
 -0.40489077E-04  0.60180578E-03
 -0.31108847E-04  0.59378749E-03
 -0.27193549E-04  0.58621263E-03
 -0.30563571E-04  0.57685619E-03
 -0.39100586E-04  0.56710520E-03
 -0.43880779E-04  0.56305748E-03
 -0.44956324E-04  0.56001675E-03
 -0.48641976E-04  0.55438056E-03
 -0.54415261E-04  0.55222887E-03
 -0.58233777E-04  0.54491262E-03
 -0.63381123E-04  0.53560298E-03
 -0.65915312E-04  0.52874879E-03
 -0.65795436E-04  0.53017315E-03
 -0.65534728E-04  0.54074201E-03
 -0.60684332E-04  0.55411512E-03
 -0.51838997E-04  0.56641628E-03
 -0.45915338E-04  0.57612220E-03
 -0.45806518E-04  0.57792476E-03
 -0.45178690E-04  0.57942287E-03
 -0.43691420E-04  0.57613677E-03
 -0.44794240E-04  0.56890158E-03
 -0.43740200E-04  0.56185792E-03
 -0.38749674E-04  0.55390323E-03
 -0.29937750E-04  0.55276795E-03
 -0.20295662E-04  0.55803403E-03
 -0.97076558E-05  0.56894005E-03
 -0.56478908E-06  0.58237103E-03
  0.50256860E-06  0.58613719E-03
 -0.85745279E-06  0.59093564E-03
 -0.44013349E-05  0.59234418E-03
 -0.29715883E-05  0.59144448E-03
 -0.75813583E-06  0.58630089E-03
  0.53782335E-05  0.57991907E-03
  0.13276813E-04  0.57484946E-03
  0.21467664E-04  0.57264489E-03
  0.24162320E-04  0.57697163E-03
  0.21860551E-04  0.59119360E-03
  0.15140589E-04  0.61453785E-03
  0.80153972E-05  0.64565565E-03
 -0.68609116E-05  0.68028903E-03
 -0.20165496E-04  0.71496224E-03
 -0.26587838E-04  0.74665748E-03
