  0.49301432E+00  0.39931672E-03
  0.36563196E+00  0.48132428E-03
  0.27539404E+00  0.54006767E-03
  0.21024921E+00  0.58990852E-03
  0.16248614E+00  0.62994421E-03
  0.12699692E+00  0.66283329E-03
  0.10032014E+00  0.68491154E-03
  0.80049552E-01  0.70459500E-03
  0.64497631E-01  0.72092810E-03
  0.52457774E-01  0.73331463E-03
  0.43062431E-01  0.73732827E-03
  0.35668044E-01  0.73370878E-03
  0.29806643E-01  0.73012831E-03
  0.25125845E-01  0.72600975E-03
  0.21357179E-01  0.72313953E-03
  0.18303414E-01  0.72353207E-03
  0.15811239E-01  0.72922817E-03
  0.13762963E-01  0.73463934E-03
  0.12075780E-01  0.74032686E-03
  0.10668538E-01  0.74828723E-03
  0.94928170E-02  0.75004514E-03
  0.85078055E-02  0.75343652E-03
  0.76800611E-02  0.75346954E-03
  0.69745992E-02  0.75729174E-03
  0.63645418E-02  0.76151069E-03
  0.58384457E-02  0.76143325E-03
  0.53798774E-02  0.76182208E-03
  0.49842697E-02  0.76313829E-03
  0.46423984E-02  0.76786459E-03
  0.43451257E-02  0.77987039E-03
  0.40879896E-02  0.78655625E-03
  0.38706363E-02  0.78446143E-03
  0.36850195E-02  0.78239607E-03
  0.35287284E-02  0.77790533E-03
  0.33970312E-02  0.77701750E-03
  0.32779216E-02  0.77573873E-03
  0.31655161E-02  0.77444702E-03
  0.30627408E-02  0.76809101E-03
  0.29732227E-02  0.77024955E-03
  0.28969099E-02  0.77730342E-03
  0.28276822E-02  0.78586701E-03
  0.27660247E-02  0.79183259E-03
  0.27081398E-02  0.79242383E-03
  0.26570729E-02  0.79351200E-03
  0.26084191E-02  0.79526682E-03
  0.25640881E-02  0.80269285E-03
  0.25236134E-02  0.81411737E-03
  0.24811651E-02  0.82470290E-03
  0.24368303E-02  0.83116822E-03
  0.23959170E-02  0.83224507E-03
  0.23564094E-02  0.82584810E-03
  0.23202457E-02  0.81829637E-03
  0.22867686E-02  0.80359775E-03
  0.22538422E-02  0.79132435E-03
  0.22236440E-02  0.78007812E-03
  0.21985821E-02  0.77356235E-03
  0.21775693E-02  0.77177877E-03
  0.21591722E-02  0.77026542E-03
  0.21402166E-02  0.76465714E-03
  0.21176265E-02  0.76864267E-03
  0.20948749E-02  0.77386506E-03
  0.20707962E-02  0.78002086E-03
  0.20504214E-02  0.78767308E-03
  0.20379117E-02  0.79435150E-03
  0.20281620E-02  0.79920144E-03
  0.20232937E-02  0.79698114E-03
  0.20219873E-02  0.79521835E-03
  0.20251992E-02  0.79865723E-03
  0.20283953E-02  0.80746272E-03
  0.20372889E-02  0.81146573E-03
  0.20414344E-02  0.81282008E-03
  0.20437356E-02  0.81190083E-03
  0.20463326E-02  0.80380400E-03
  0.20542651E-02  0.79712231E-03
  0.20621663E-02  0.78543824E-03
  0.20611703E-02  0.77680911E-03
  0.20557111E-02  0.77476003E-03
  0.20500163E-02  0.77614236E-03
  0.20463388E-02  0.78106555E-03
  0.20470071E-02  0.78803038E-03
  0.20492341E-02  0.79554709E-03
  0.20526643E-02  0.80223309E-03
  0.20536612E-02  0.81010257E-03
  0.20547379E-02  0.81600143E-03
  0.20530881E-02  0.81640305E-03
  0.20503417E-02  0.81665643E-03
  0.20441422E-02  0.81490722E-03
  0.20330977E-02  0.81365574E-03
  0.20190612E-02  0.80820933E-03
  0.20033366E-02  0.80218669E-03
  0.19891279E-02  0.80039816E-03
  0.19712267E-02  0.80725434E-03
  0.19462835E-02  0.81260025E-03
  0.19234492E-02  0.81303348E-03
  0.19104772E-02  0.80772047E-03
  0.19018212E-02  0.80140836E-03
  0.18932929E-02  0.79365134E-03
  0.18859108E-02  0.78473142E-03
  0.18800247E-02  0.76860321E-03
  0.18754620E-02  0.75327554E-03
  0.18692033E-02  0.74050553E-03
  0.18624774E-02  0.73444965E-03
  0.18579733E-02  0.73345131E-03
  0.18593314E-02  0.74254199E-03
  0.18671922E-02  0.75695150E-03
  0.18761145E-02  0.76837890E-03
  0.18823439E-02  0.77404343E-03
  0.18881230E-02  0.77324678E-03
  0.18949976E-02  0.77357591E-03
  0.19031231E-02  0.77081563E-03
  0.19071965E-02  0.76984456E-03
  0.19047598E-02  0.77309073E-03
  0.19049750E-02  0.78505028E-03
  0.19088119E-02  0.80587518E-03
  0.19116454E-02  0.83598900E-03
  0.19249388E-02  0.87488234E-03
  0.19375023E-02  0.92181003E-03
  0.19495045E-02  0.97108405E-03
  0.19554003E-02  0.10247686E-02
  0.19583355E-02  0.10685695E-02
