  0.47512246E+00  0.10762442E-02
  0.45002345E+00  0.11265323E-02
  0.42689244E+00  0.11716738E-02
  0.40549524E+00  0.12146788E-02
  0.38564783E+00  0.12567412E-02
  0.36719844E+00  0.13030968E-02
  0.35001480E+00  0.13555300E-02
  0.33398291E+00  0.14149161E-02
  0.31900309E+00  0.14806784E-02
  0.30498613E+00  0.15493652E-02
  0.29185211E+00  0.16193669E-02
  0.27953050E+00  0.16904574E-02
  0.26795953E+00  0.17623767E-02
  0.25708054E+00  0.18336220E-02
  0.24684194E+00  0.19034074E-02
  0.23719699E+00  0.19732933E-02
  0.22810249E+00  0.20417179E-02
  0.21951819E+00  0.21090134E-02
  0.21141062E+00  0.21736482E-02
  0.20374486E+00  0.22358532E-02
  0.19649158E+00  0.22956458E-02
  0.18962282E+00  0.23528081E-02
  0.18311254E+00  0.24055292E-02
  0.17693747E+00  0.24541805E-02
  0.17107744E+00  0.25006363E-02
  0.16551190E+00  0.25453470E-02
  0.16022350E+00  0.25886927E-02
  0.15519474E+00  0.26303523E-02
  0.15040856E+00  0.26695803E-02
  0.14584865E+00  0.27060714E-02
  0.14150208E+00  0.27389884E-02
  0.13735633E+00  0.27681749E-02
  0.13339964E+00  0.27934378E-02
  0.12962180E+00  0.28148438E-02
  0.12601375E+00  0.28320744E-02
  0.12256845E+00  0.28465299E-02
  0.11927765E+00  0.28593518E-02
  0.11613393E+00  0.28709091E-02
  0.11313088E+00  0.28820798E-02
  0.11026059E+00  0.28938392E-02
  0.10751449E+00  0.29063729E-02
  0.10488505E+00  0.29195022E-02
  0.10236742E+00  0.29323369E-02
  0.99954702E-01  0.29459367E-02
  0.97640791E-01  0.29591701E-02
  0.95418565E-01  0.29702765E-02
  0.93284939E-01  0.29818076E-02
  0.91235558E-01  0.29933428E-02
  0.89265468E-01  0.30051229E-02
  0.87373022E-01  0.30183512E-02
  0.85555095E-01  0.30321564E-02
  0.83808996E-01  0.30487299E-02
  0.82131649E-01  0.30668859E-02
  0.80520270E-01  0.30874913E-02
  0.78969881E-01  0.31111204E-02
  0.77478270E-01  0.31379422E-02
  0.76043158E-01  0.31660245E-02
  0.74660553E-01  0.31958843E-02
  0.73328055E-01  0.32250179E-02
  0.72043672E-01  0.32531499E-02
