  0.42228978E+00  0.14413805E-02
  0.41659171E+00  0.14548248E-02
  0.41103164E+00  0.14674425E-02
  0.40560108E+00  0.14797826E-02
  0.40029457E+00  0.14918414E-02
  0.39510770E+00  0.15028018E-02
  0.39003695E+00  0.15133896E-02
  0.38507927E+00  0.15237668E-02
  0.38023136E+00  0.15338939E-02
  0.37548954E+00  0.15429346E-02
  0.37085049E+00  0.15512524E-02
  0.36631081E+00  0.15593419E-02
  0.36186757E+00  0.15670479E-02
  0.35751831E+00  0.15745813E-02
  0.35326066E+00  0.15816558E-02
  0.34909190E+00  0.15877102E-02
  0.34500998E+00  0.15930674E-02
  0.34101228E+00  0.15978442E-02
  0.33709663E+00  0.16029410E-02
  0.33326120E+00  0.16078892E-02
  0.32950435E+00  0.16125575E-02
  0.32582394E+00  0.16175473E-02
  0.32221871E+00  0.16225377E-02
  0.31868653E+00  0.16277991E-02
  0.31522612E+00  0.16328946E-02
  0.31183686E+00  0.16380197E-02
  0.30851762E+00  0.16430761E-02
  0.30526685E+00  0.16475504E-02
  0.30208302E+00  0.16517190E-02
  0.29896400E+00  0.16554495E-02
  0.29590795E+00  0.16586851E-02
  0.29291309E+00  0.16608594E-02
  0.28997881E+00  0.16624861E-02
  0.28710494E+00  0.16629166E-02
  0.28429017E+00  0.16623103E-02
  0.28153318E+00  0.16607723E-02
  0.27883286E+00  0.16579580E-02
  0.27618882E+00  0.16547620E-02
  0.27359957E+00  0.16504791E-02
  0.27106391E+00  0.16463671E-02
  0.26858089E+00  0.16424239E-02
  0.26614997E+00  0.16390104E-02
  0.26376986E+00  0.16365015E-02
  0.26143907E+00  0.16353280E-02
  0.25915589E+00  0.16356779E-02
  0.25691932E+00  0.16368214E-02
  0.25472825E+00  0.16391240E-02
  0.25258184E+00  0.16426691E-02
  0.25047855E+00  0.16475345E-02
  0.24841761E+00  0.16541321E-02
  0.24639798E+00  0.16615421E-02
  0.24441910E+00  0.16696613E-02
  0.24248093E+00  0.16787103E-02
  0.24058215E+00  0.16891212E-02
  0.23872193E+00  0.17007824E-02
  0.23689924E+00  0.17135989E-02
  0.23511404E+00  0.17270276E-02
  0.23336615E+00  0.17414219E-02
  0.23165537E+00  0.17566129E-02
  0.22998097E+00  0.17724127E-02
