# tau_start tau_end alpha alpha_error
0.00 1.00 0.637623 0.001893
0.20 1.20 0.951905 0.003791
0.40 1.40 1.457831 0.010975
0.60 1.60 1.839426 0.023982
0.80 1.80 2.111274 0.043821
1.00 2.00 2.303245 0.072677
1.20 2.20 2.439930 0.112096
1.40 2.40 2.533282 0.160720
1.60 2.60 2.588158 0.221351
1.80 2.80 2.609260 0.299992
2.00 3.00 2.609478 0.402224
2.20 3.20 2.585683 0.523991
2.40 3.40 2.537749 0.672817
2.60 3.60 2.477380 0.861914
2.80 3.80 2.411954 1.103164
3.00 4.00 2.420997 1.398356
3.20 4.20 2.491286 1.758142
3.40 4.40 2.510680 2.147554
3.60 4.60 2.482564 2.560149
3.80 4.80 2.453209 3.050013
4.00 5.00 2.547790 3.671307
4.20 5.20 2.780195 4.360308
4.40 5.40 3.095016 5.101140
