  0.44195326E+00  0.23407436E-03
  0.31171003E+00  0.28584841E-03
  0.22789957E+00  0.31110880E-03
  0.17050998E+00  0.33533419E-03
  0.12955030E+00  0.35825540E-03
  0.99516054E-01  0.38076648E-03
  0.77090775E-01  0.38899861E-03
  0.60144736E-01  0.39322169E-03
  0.47217306E-01  0.39933975E-03
  0.37283849E-01  0.40588336E-03
  0.29603215E-01  0.40879138E-03
  0.23626983E-01  0.40961550E-03
  0.18951274E-01  0.41125786E-03
  0.15274532E-01  0.41330303E-03
  0.12381790E-01  0.41944519E-03
  0.10090435E-01  0.43125755E-03
  0.82630395E-02  0.44315054E-03
  0.68056616E-02  0.45640477E-03
  0.56346293E-02  0.47080689E-03
  0.46878755E-02  0.48170314E-03
  0.39155991E-02  0.48785419E-03
  0.32856740E-02  0.48903854E-03
  0.27663137E-02  0.49271998E-03
  0.23336879E-02  0.49443705E-03
  0.19726370E-02  0.48709278E-03
  0.16806610E-02  0.47776838E-03
  0.14427751E-02  0.46501406E-03
  0.12380330E-02  0.45763886E-03
  0.10579388E-02  0.45061630E-03
  0.90980941E-03  0.44160204E-03
  0.78732449E-03  0.43654929E-03
  0.68989875E-03  0.43265043E-03
  0.60914338E-03  0.42432549E-03
  0.53652204E-03  0.42712582E-03
  0.46783857E-03  0.43945968E-03
  0.40894276E-03  0.44856461E-03
  0.36160945E-03  0.46130215E-03
  0.32792732E-03  0.47136619E-03
  0.29936404E-03  0.48189406E-03
  0.26569087E-03  0.49191438E-03
  0.23021677E-03  0.50501837E-03
  0.19995242E-03  0.51874849E-03
  0.17308955E-03  0.52238507E-03
  0.14288112E-03  0.52034161E-03
  0.11480250E-03  0.51748733E-03
  0.91762191E-04  0.51253665E-03
  0.80504597E-04  0.50242900E-03
  0.70460588E-04  0.48971981E-03
  0.65947991E-04  0.48589792E-03
  0.63524004E-04  0.47426904E-03
  0.57604089E-04  0.46118266E-03
  0.49161954E-04  0.45190041E-03
  0.39198511E-04  0.44832592E-03
  0.24371471E-04  0.44934326E-03
  0.98596842E-05  0.44725753E-03
 -0.61332297E-05  0.44753514E-03
 -0.13983151E-04  0.45446666E-03
 -0.13650383E-04  0.46186509E-03
 -0.85236972E-05  0.46474793E-03
  0.18639576E-05  0.46458478E-03
  0.10733739E-04  0.46384571E-03
  0.26056912E-04  0.46934995E-03
  0.39689671E-04  0.47674197E-03
  0.54932204E-04  0.48936232E-03
  0.65617887E-04  0.48643780E-03
  0.73110767E-04  0.47929648E-03
  0.82288930E-04  0.47432177E-03
  0.85767596E-04  0.46762794E-03
  0.87889478E-04  0.46342912E-03
  0.88240250E-04  0.46777455E-03
  0.84264724E-04  0.47373771E-03
  0.78228413E-04  0.48266242E-03
  0.79235730E-04  0.49531502E-03
  0.82015028E-04  0.50490073E-03
  0.85641448E-04  0.51335854E-03
  0.87197954E-04  0.52170958E-03
  0.84713016E-04  0.53031124E-03
  0.86080241E-04  0.53599347E-03
  0.82929583E-04  0.53655968E-03
  0.77211841E-04  0.53961060E-03
  0.58645164E-04  0.53833409E-03
  0.37625458E-04  0.52785062E-03
  0.20991958E-04  0.51097156E-03
  0.14707750E-04  0.49359338E-03
  0.12157771E-04  0.48306798E-03
  0.91022849E-05  0.47763712E-03
  0.45007038E-05  0.47624839E-03
  0.19224268E-06  0.47860083E-03
  0.13301048E-06  0.47004873E-03
  0.48355246E-05  0.45686848E-03
  0.12479595E-04  0.44478065E-03
  0.20688835E-04  0.44207741E-03
  0.25416387E-04  0.43819815E-03
  0.26830069E-04  0.43488794E-03
  0.33860926E-04  0.43986327E-03
  0.46653658E-04  0.45589805E-03
  0.64550782E-04  0.46655995E-03
  0.81301507E-04  0.47196524E-03
  0.99707952E-04  0.47462675E-03
  0.11406691E-03  0.47193728E-03
  0.12534485E-03  0.46892196E-03
  0.13210827E-03  0.47045071E-03
  0.13394285E-03  0.47491401E-03
  0.13399209E-03  0.48173347E-03
  0.13122121E-03  0.48734083E-03
  0.12591253E-03  0.49457879E-03
  0.11406334E-03  0.49591012E-03
  0.10066232E-03  0.49761847E-03
  0.82589699E-04  0.50070002E-03
  0.63899531E-04  0.50717105E-03
  0.45767979E-04  0.51059049E-03
  0.30858010E-04  0.51007897E-03
  0.18692143E-04  0.50245268E-03
  0.99582585E-05  0.50042013E-03
  0.15069698E-04  0.50338027E-03
  0.22424801E-04  0.50513463E-03
  0.23445496E-04  0.50063125E-03
  0.17802402E-04  0.50235845E-03
  0.79399348E-05  0.49845297E-03
  0.51951028E-06  0.49510579E-03
  0.96148907E-06  0.48749333E-03
 -0.41790323E-05  0.47960094E-03
 -0.14152717E-04  0.47575423E-03
 -0.20751654E-04  0.46891224E-03
 -0.23861673E-04  0.46472965E-03
 -0.28635577E-04  0.47025534E-03
 -0.35153434E-04  0.48063535E-03
 -0.47934984E-04  0.49168855E-03
 -0.53804656E-04  0.49147146E-03
 -0.58504124E-04  0.48488525E-03
 -0.61186915E-04  0.48227764E-03
 -0.57311594E-04  0.48809213E-03
 -0.55333884E-04  0.49019100E-03
 -0.51636236E-04  0.49187401E-03
 -0.48377995E-04  0.48774347E-03
 -0.45243023E-04  0.48232717E-03
 -0.41157404E-04  0.47258269E-03
 -0.36523882E-04  0.46500805E-03
 -0.31941201E-04  0.46401439E-03
 -0.28554905E-04  0.46964921E-03
 -0.29682381E-04  0.47147854E-03
 -0.28317157E-04  0.47655197E-03
 -0.28854417E-04  0.48073388E-03
 -0.31445426E-04  0.49582061E-03
 -0.30527799E-04  0.50794814E-03
 -0.29190539E-04  0.50905789E-03
 -0.30734377E-04  0.50294859E-03
 -0.30701879E-04  0.49635428E-03
 -0.33094323E-04  0.49933277E-03
 -0.32898275E-04  0.50605135E-03
 -0.26053596E-04  0.51323287E-03
 -0.17735519E-04  0.51592525E-03
 -0.61691961E-05  0.52204467E-03
 -0.38084940E-05  0.52174168E-03
 -0.75249178E-05  0.51629598E-03
 -0.13984944E-04  0.51235758E-03
 -0.13020167E-04  0.50949759E-03
 -0.11451125E-04  0.50397258E-03
 -0.13689908E-04  0.49424870E-03
 -0.17845968E-04  0.48077000E-03
 -0.30397766E-04  0.46530602E-03
 -0.43940299E-04  0.45197693E-03
 -0.53487964E-04  0.44747830E-03
 -0.59438702E-04  0.45192303E-03
 -0.62420390E-04  0.46220848E-03
 -0.59672333E-04  0.47434296E-03
 -0.55792819E-04  0.48891497E-03
 -0.55663735E-04  0.50516427E-03
 -0.51533005E-04  0.51220619E-03
 -0.47891706E-04  0.50799659E-03
 -0.45500899E-04  0.50510385E-03
 -0.40472996E-04  0.50004205E-03
 -0.33483328E-04  0.49965878E-03
 -0.24451982E-04  0.50401046E-03
 -0.18698540E-04  0.50712657E-03
 -0.10144151E-04  0.51368572E-03
 -0.26934934E-05  0.52783884E-03
 -0.41247183E-05  0.55154181E-03
 -0.71073622E-05  0.57050713E-03
 -0.19730294E-05  0.58373003E-03
