  0.48153808E+00  0.52796841E-03
  0.35272548E+00  0.55498535E-03
  0.26298092E+00  0.51952129E-03
  0.19911339E+00  0.54785091E-03
  0.15290662E+00  0.62800395E-03
  0.11901059E+00  0.71849005E-03
  0.93836340E-01  0.79262674E-03
  0.74927143E-01  0.84755056E-03
  0.60578526E-01  0.88381517E-03
  0.49587878E-01  0.90639965E-03
  0.41096245E-01  0.91217791E-03
  0.34479888E-01  0.90809102E-03
  0.29276520E-01  0.88735764E-03
  0.25148736E-01  0.85484775E-03
  0.21847057E-01  0.82103943E-03
  0.19178382E-01  0.79260433E-03
  0.17011604E-01  0.77531956E-03
  0.15237081E-01  0.75909319E-03
  0.13775747E-01  0.74706047E-03
  0.12564932E-01  0.73788636E-03
  0.11555122E-01  0.72715243E-03
  0.10709507E-01  0.70740165E-03
  0.99901214E-02  0.68307546E-03
  0.93813141E-02  0.65752926E-03
  0.88646048E-02  0.63543604E-03
  0.84243826E-02  0.61679623E-03
  0.80474740E-02  0.60962495E-03
  0.77142047E-02  0.60964805E-03
  0.74198389E-02  0.60997619E-03
  0.71678042E-02  0.60713987E-03
  0.69485028E-02  0.61195496E-03
  0.67651318E-02  0.62314329E-03
  0.66015818E-02  0.63700736E-03
  0.64559167E-02  0.65193654E-03
  0.63178932E-02  0.66166009E-03
  0.61954696E-02  0.67061940E-03
  0.60805145E-02  0.68317846E-03
  0.59704665E-02  0.69410066E-03
  0.58675007E-02  0.70478285E-03
  0.57745597E-02  0.71375221E-03
  0.56937349E-02  0.72077051E-03
  0.56280843E-02  0.72760962E-03
  0.55697757E-02  0.72680695E-03
  0.55090003E-02  0.71641614E-03
  0.54534940E-02  0.70240456E-03
  0.53970335E-02  0.68908870E-03
  0.53439054E-02  0.68068095E-03
  0.52925656E-02  0.67733208E-03
  0.52438723E-02  0.69027494E-03
  0.51970606E-02  0.70373752E-03
  0.51537357E-02  0.71021590E-03
  0.51078433E-02  0.70652387E-03
  0.50576905E-02  0.70088601E-03
  0.50147374E-02  0.69075586E-03
  0.49775481E-02  0.68405630E-03
  0.49482342E-02  0.67480604E-03
  0.49282546E-02  0.66895122E-03
  0.49116337E-02  0.66669662E-03
  0.48958986E-02  0.66557068E-03
  0.48817965E-02  0.66712273E-03
  0.48635283E-02  0.67131139E-03
  0.48468942E-02  0.67074537E-03
  0.48326361E-02  0.66571850E-03
  0.48144832E-02  0.65181466E-03
  0.47941593E-02  0.63645412E-03
  0.47729505E-02  0.61913791E-03
  0.47631732E-02  0.59572051E-03
  0.47604760E-02  0.57097015E-03
  0.47601663E-02  0.55509290E-03
  0.47623119E-02  0.54476675E-03
  0.47574111E-02  0.54375304E-03
  0.47535681E-02  0.54584223E-03
  0.47444351E-02  0.55412821E-03
  0.47315226E-02  0.56613211E-03
  0.47157788E-02  0.59050501E-03
  0.47061326E-02  0.61592713E-03
  0.46927068E-02  0.63993895E-03
  0.46820174E-02  0.65308134E-03
  0.46662183E-02  0.66067779E-03
  0.46440836E-02  0.66188036E-03
  0.46188560E-02  0.66343657E-03
  0.45850044E-02  0.66378892E-03
  0.45509938E-02  0.66582510E-03
  0.45194720E-02  0.66412168E-03
  0.44894241E-02  0.66433239E-03
  0.44679786E-02  0.67845691E-03
  0.44511729E-02  0.69305107E-03
  0.44330748E-02  0.69505890E-03
  0.44195153E-02  0.68682738E-03
  0.44113009E-02  0.67383365E-03
  0.44045083E-02  0.65839418E-03
  0.43977795E-02  0.64423489E-03
  0.43912833E-02  0.63391308E-03
  0.43875965E-02  0.62208771E-03
  0.43842196E-02  0.61593971E-03
  0.43774796E-02  0.61339466E-03
  0.43725256E-02  0.60994869E-03
  0.43661611E-02  0.60609338E-03
  0.43644331E-02  0.60325222E-03
  0.43607920E-02  0.59498339E-03
  0.43538234E-02  0.59364890E-03
  0.43384451E-02  0.60322051E-03
  0.43155861E-02  0.61261755E-03
  0.42973324E-02  0.62332326E-03
  0.42823877E-02  0.63497702E-03
  0.42659601E-02  0.64086390E-03
  0.42505470E-02  0.63951646E-03
  0.42380092E-02  0.62772699E-03
  0.42355446E-02  0.61185555E-03
  0.42373010E-02  0.60100064E-03
  0.42373910E-02  0.59553188E-03
  0.42401390E-02  0.58705750E-03
  0.42422687E-02  0.57202876E-03
  0.42480539E-02  0.55237460E-03
  0.42539602E-02  0.54342387E-03
  0.42621268E-02  0.54160935E-03
  0.42734925E-02  0.54595407E-03
  0.42856379E-02  0.55534625E-03
  0.42987544E-02  0.56532457E-03
  0.43188802E-02  0.57529830E-03
  0.43334244E-02  0.58199426E-03
  0.43476250E-02  0.58461075E-03
  0.43644428E-02  0.58949101E-03
  0.43767863E-02  0.60036486E-03
  0.43832881E-02  0.60459980E-03
  0.43826344E-02  0.60940548E-03
  0.43743214E-02  0.61730282E-03
  0.43608600E-02  0.62269881E-03
  0.43389111E-02  0.62715435E-03
  0.43146419E-02  0.62713516E-03
  0.42920254E-02  0.61858858E-03
  0.42700062E-02  0.60967709E-03
  0.42498303E-02  0.60643066E-03
  0.42421308E-02  0.59391100E-03
  0.42348787E-02  0.57926346E-03
  0.42289338E-02  0.56607507E-03
  0.42179323E-02  0.55818015E-03
  0.42035961E-02  0.55814464E-03
  0.41875011E-02  0.55482636E-03
  0.41715024E-02  0.55331139E-03
  0.41651166E-02  0.55575657E-03
  0.41617320E-02  0.56326868E-03
  0.41554406E-02  0.56985786E-03
  0.41542565E-02  0.57531881E-03
  0.41631919E-02  0.57703190E-03
  0.41739552E-02  0.58171551E-03
  0.41938356E-02  0.59264930E-03
  0.42104866E-02  0.60693654E-03
  0.42278057E-02  0.61829483E-03
  0.42417757E-02  0.62194769E-03
  0.42610589E-02  0.61997587E-03
  0.42806696E-02  0.60901496E-03
  0.42961165E-02  0.59436867E-03
  0.43078507E-02  0.58571398E-03
  0.43141345E-02  0.58299009E-03
  0.43301835E-02  0.58676753E-03
  0.43426135E-02  0.60140820E-03
  0.43614230E-02  0.61919423E-03
  0.43845739E-02  0.63999278E-03
  0.44033167E-02  0.65489864E-03
  0.44229348E-02  0.66569567E-03
  0.44367734E-02  0.68611466E-03
  0.44452246E-02  0.70422689E-03
  0.44547589E-02  0.71470857E-03
  0.44615056E-02  0.72428549E-03
  0.44688238E-02  0.72844485E-03
  0.44789751E-02  0.72880554E-03
  0.44826034E-02  0.72528413E-03
  0.44872885E-02  0.71779272E-03
  0.44952683E-02  0.71385825E-03
  0.45068455E-02  0.71152511E-03
  0.45133206E-02  0.70657943E-03
  0.45150047E-02  0.71323556E-03
  0.45112383E-02  0.72639178E-03
  0.45101781E-02  0.73123462E-03
  0.45016519E-02  0.74214831E-03
  0.44920715E-02  0.76510079E-03
  0.44810855E-02  0.80473531E-03
  0.44705984E-02  0.84401828E-03
  0.44590496E-02  0.87148004E-03
