# tau_start tau_end alpha alpha_error
0.00 1.00 0.674581 0.001140
0.20 1.20 1.007384 0.002321
0.40 1.40 1.532307 0.006485
0.60 1.60 1.976859 0.014509
0.80 1.80 2.359292 0.029037
1.00 2.00 2.693234 0.055026
1.20 2.20 2.981768 0.098958
1.40 2.40 3.230752 0.170068
1.60 2.60 3.454826 0.280467
1.80 2.80 3.660872 0.440727
2.00 3.00 3.850337 0.664482
2.20 3.20 4.007854 0.973409
2.40 3.40 4.100104 1.384493
2.60 3.60 4.199069 1.946870
2.80 3.80 4.201707 2.760726
3.00 4.00 4.182181 3.839103
3.20 4.20 4.316178 5.312956
3.40 4.40 4.481529 7.637669
3.60 4.60 5.174580 11.281918
3.80 4.80 6.514303 16.064562
4.00 5.00 7.111152 21.809104
4.20 5.20 6.779096 28.182689
4.40 5.40 5.880604 41.513340
4.60 5.60 5.826025 69.609455
4.80 5.80 7.989206 123.613283
5.00 6.00 14.091793 255.864230
5.20 6.20 2.843432 125.761360
5.40 6.40 -14.671431 269.709362
5.60 6.60 -14.946228 203.101383
