0.0 3.14 0.51706759E-07
0.1 3.14 0.31100016E-02
0.2 3.14 0.29446803E-02
0.3 3.1032 0.64090374E-02
0.4 3.07867 0.10078602E-01
0.5 3.04188 0.15756182E-01
0.6 2.99281 0.23485680E-01
0.7 2.92535 0.34193776E-01
0.8 2.82723 0.49807702E-01
0.9 2.68004 0.73242786E-01
1.0 2.50219 0.10156269E+00
1.1 2.33047 0.12890635E+00
1.2 2.19555 0.15039071E+00
1.3 2.09742 0.16601587E+00
1.4 1.9993 0.18164082E+00
1.5 1.88891 0.19921878E+00
1.6 1.75398 0.22070310E+00
1.7 1.63746 0.23925773E+00
1.8 1.52707 0.25683578E+00
1.9 1.42281 0.27343736E+00
2.0 1.32469 0.28906236E+00
2.1 1.22656 0.30468730E+00
2.2 1.1407 0.31835919E+00
2.3 1.05484 0.33203098E+00
2.4 0.975117 0.34472617E+00
2.5 0.901523 0.35644486E+00
2.6 0.82793 0.36816324E+00
2.7 0.760469 0.37890551E+00
2.8 0.693008 0.38964753E+00
2.9 0.625547 0.40038799E+00
3.0 0.564219 0.41015661E+00
3.1 0.502891 0.41992723E+00
3.2 0.441563 0.42969654E+00
3.3 0.386367 0.43854403E+00
3.4 0.325039 0.44829951E+00
3.5 0.269844 0.45719653E+00
3.6 0.214648 0.46611897E+00
4.0 0.0      0.5
