0.000000000000 -1.688980000000
0.006132810000 -1.688640000000
0.012265600000 -1.688640000000
0.018398400000 -1.688650000000
0.024531300000 -1.688660000000
0.030664100000 -1.688660000000
0.036796900000 -1.688670000000
0.042929700000 -1.688690000000
0.049062500000 -1.688700000000
0.055195300000 -1.688710000000
0.061328100000 -1.688730000000
0.067460900000 -1.688750000000
0.073593700000 -1.688770000000
0.079726600000 -1.688790000000
0.085859400000 -1.688820000000
0.091992200000 -1.688840000000
0.098125000000 -1.688870000000
0.104258000000 -1.688900000000
0.110391000000 -1.688930000000
0.116523000000 -1.688970000000
0.122656000000 -1.689000000000
0.128789000000 -1.689040000000
0.134922000000 -1.689080000000
0.141055000000 -1.689120000000
0.147187000000 -1.689160000000
0.153320000000 -1.689210000000
0.159453000000 -1.689250000000
0.165586000000 -1.689290000000
0.171719000000 -1.689360000000
0.177852000000 -1.689390000000
0.183984000000 -1.689470000000
0.190117000000 -1.689520000000
0.196250000000 -1.689580000000
0.202383000000 -1.689700000000
0.208516000000 -1.689650000000
0.214648000000 -1.689720000000
0.220781000000 -1.689940000000
0.226914000000 -1.689860000000
0.233047000000 -1.689820000000
0.239180000000 -1.690130000000
0.245313000000 -1.690290000000
0.251445000000 -1.690080000000
0.257578000000 -1.690010000000
0.263711000000 -1.690400000000
0.269844000000 -1.690780000000
0.275977000000 -1.690690000000
0.282109000000 -1.690310000000
0.288242000000 -1.690250000000
0.294375000000 -1.690720000000
0.300508000000 -1.691330000000
0.306641000000 -1.691560000000
0.312773000000 -1.691260000000
0.318906000000 -1.690730000000
0.325039000000 -1.690480000000
0.331172000000 -1.690840000000
0.337305000000 -1.691630000000
0.343438000000 -1.692390000000
0.349570000000 -1.692750000000
0.355703000000 -1.692570000000
0.361836000000 -1.691960000000
0.367969000000 -1.691250000000
0.374102000000 -1.690840000000
0.380234000000 -1.691040000000
0.386367000000 -1.691810000000
0.392500000000 -1.692900000000
0.398633000000 -1.693830000000
0.404766000000 -1.694490000000
0.410898000000 -1.694690000000
0.417031000000 -1.694420000000
0.423164000000 -1.693750000000
0.429297000000 -1.692850000000
0.435430000000 -1.691980000000
0.441563000000 -1.691440000000
0.447695000000 -1.691440000000
0.453828000000 -1.692030000000
0.459961000000 -1.693060000000
0.466094000000 -1.694300000000
0.472227000000 -1.695530000000
0.478359000000 -1.696600000000
0.484492000000 -1.697390000000
0.490625000000 -1.697850000000
0.496758000000 -1.697960000000
0.502891000000 -1.697720000000
0.509023000000 -1.697140000000
0.515156000000 -1.696280000000
0.521289000000 -1.695240000000
0.527422000000 -1.694170000000
0.533555000000 -1.693230000000
0.539687000000 -1.692610000000
0.545820000000 -1.692430000000
0.551953000000 -1.692730000000
0.558086000000 -1.693470000000
0.564219000000 -1.694540000000
0.570352000000 -1.695830000000
0.576484000000 -1.697230000000
0.582617000000 -1.698610000000
0.588750000000 -1.699950000000
0.594883000000 -1.701090000000
0.601016000000 -1.702090000000
0.607148000000 -1.702880000000
0.613281000000 -1.703470000000
0.619414000000 -1.703830000000
0.625547000000 -1.703960000000
0.631680000000 -1.703870000000
0.637813000000 -1.703550000000
0.643945000000 -1.703010000000
0.650078000000 -1.702280000000
0.656211000000 -1.701360000000
0.662344000000 -1.700310000000
0.668477000000 -1.699180000000
0.674609000000 -1.698050000000
0.680742000000 -1.697020000000
0.686875000000 -1.696180000000
0.693008000000 -1.695590000000
0.699141000000 -1.695290000000
0.705273000000 -1.695290000000
0.711406000000 -1.695590000000
0.717539000000 -1.696170000000
0.723672000000 -1.696980000000
0.729805000000 -1.697990000000
0.735938000000 -1.699140000000
0.742070000000 -1.700410000000
0.748203000000 -1.701770000000
0.754336000000 -1.703170000000
0.760469000000 -1.704580000000
0.766602000000 -1.705960000000
0.772734000000 -1.707300000000
0.778867000000 -1.708570000000
0.785000000000 -1.709790000000
0.791133000000 -1.710870000000
0.797266000000 -1.711890000000
0.803398000000 -1.712820000000
0.809531000000 -1.713630000000
0.815664000000 -1.714340000000
0.821797000000 -1.714950000000
0.827930000000 -1.715450000000
0.834063000000 -1.715840000000
0.840195000000 -1.716130000000
0.846328000000 -1.716320000000
0.852461000000 -1.716400000000
0.858594000000 -1.716380000000
0.864727000000 -1.716250000000
0.870859000000 -1.716000000000
0.876992000000 -1.715640000000
0.883125000000 -1.715150000000
0.889258000000 -1.714540000000
0.895391000000 -1.713820000000
0.901523000000 -1.712990000000
0.907656000000 -1.712080000000
0.913789000000 -1.711100000000
0.919922000000 -1.710080000000
0.926055000000 -1.709040000000
0.932188000000 -1.708010000000
0.938320000000 -1.707010000000
0.944453000000 -1.706090000000
0.950586000000 -1.705270000000
0.956719000000 -1.704590000000
0.962852000000 -1.704070000000
0.968984000000 -1.703720000000
0.975117000000 -1.703530000000
0.981250000000 -1.703600000000
0.987383000000 -1.703560000000
0.993516000000 -1.703700000000
0.999648000000 -1.703920000000
1.005780000000 -1.704220000000
1.011910000000 -1.704630000000
1.018050000000 -1.705130000000
1.024180000000 -1.705730000000
1.030310000000 -1.706420000000
1.036450000000 -1.707190000000
1.042580000000 -1.708050000000
1.048710000000 -1.708990000000
1.054840000000 -1.709980000000
1.060980000000 -1.711020000000
1.067110000000 -1.712110000000
1.073240000000 -1.713230000000
1.079370000000 -1.714380000000
1.085510000000 -1.715550000000
1.091640000000 -1.716740000000
1.097770000000 -1.717990000000
1.103910000000 -1.719290000000
1.110040000000 -1.720650000000
1.116170000000 -1.722060000000
1.122300000000 -1.723490000000
1.128440000000 -1.724930000000
1.134570000000 -1.726370000000
1.140700000000 -1.727780000000
1.146840000000 -1.729170000000
1.152970000000 -1.730530000000
1.159100000000 -1.731850000000
1.165230000000 -1.733130000000
1.171370000000 -1.734370000000
1.177500000000 -1.735570000000
1.183630000000 -1.736720000000
1.189770000000 -1.737830000000
1.195900000000 -1.738890000000
1.202030000000 -1.739900000000
1.208160000000 -1.740860000000
1.214300000000 -1.741780000000
1.220430000000 -1.742640000000
1.226560000000 -1.743460000000
1.232700000000 -1.744220000000
1.238830000000 -1.744930000000
1.244960000000 -1.745580000000
1.251090000000 -1.746180000000
1.257230000000 -1.746720000000
1.263360000000 -1.747210000000
1.269490000000 -1.747640000000
1.275630000000 -1.748010000000
1.281760000000 -1.748330000000
1.287890000000 -1.748600000000
1.294020000000 -1.748820000000
1.300160000000 -1.749000000000
1.306290000000 -1.749130000000
1.312420000000 -1.749220000000
1.318550000000 -1.749280000000
1.324690000000 -1.749290000000
1.330820000000 -1.749270000000
1.336950000000 -1.749220000000
1.343090000000 -1.749130000000
1.349220000000 -1.749010000000
1.355350000000 -1.748860000000
1.361480000000 -1.748680000000
1.367620000000 -1.748460000000
1.373750000000 -1.748210000000
1.379880000000 -1.747930000000
1.386020000000 -1.747610000000
1.392150000000 -1.747260000000
1.398280000000 -1.746880000000
1.404410000000 -1.746460000000
1.410550000000 -1.746010000000
1.416680000000 -1.745520000000
1.422810000000 -1.745000000000
1.428950000000 -1.744430000000
1.435080000000 -1.743830000000
1.441210000000 -1.743200000000
1.447340000000 -1.742530000000
1.453480000000 -1.741820000000
1.459610000000 -1.741080000000
1.465740000000 -1.740320000000
1.471880000000 -1.739540000000
1.478010000000 -1.738770000000
1.484140000000 -1.738030000000
1.490270000000 -1.737380000000
1.496410000000 -1.736860000000
1.502540000000 -1.736530000000
1.508670000000 -1.736390000000
1.514800000000 -1.736400000000
1.520940000000 -1.736450000000
1.527070000000 -1.736460000000
1.533200000000 -1.736410000000
1.539340000000 -1.736400000000
1.545470000000 -1.736420000000
1.551600000000 -1.736470000000
1.557730000000 -1.736550000000
1.563870000000 -1.736650000000
1.570000000000 -1.736820000000
1.576130000000 -1.736940000000
1.582270000000 -1.737120000000
1.588400000000 -1.737330000000
1.594530000000 -1.737560000000
1.600660000000 -1.737820000000
1.606800000000 -1.738110000000
1.612930000000 -1.738460000000
1.619060000000 -1.738820000000
1.625200000000 -1.739130000000
1.631330000000 -1.739380000000
1.637460000000 -1.739640000000
1.643590000000 -1.739970000000
1.649730000000 -1.740420000000
1.655860000000 -1.741020000000
1.661990000000 -1.741760000000
1.668130000000 -1.742600000000
1.674260000000 -1.743520000000
1.680390000000 -1.744490000000
1.686520000000 -1.745500000000
1.692660000000 -1.746530000000
1.698790000000 -1.747570000000
1.704920000000 -1.748600000000
1.711050000000 -1.749630000000
1.717190000000 -1.750660000000
1.723320000000 -1.751690000000
1.729450000000 -1.752710000000
1.735590000000 -1.753730000000
1.741720000000 -1.754740000000
1.747850000000 -1.755750000000
1.753980000000 -1.756750000000
1.760120000000 -1.757740000000
1.766250000000 -1.758710000000
1.772380000000 -1.759670000000
1.778520000000 -1.760620000000
1.784650000000 -1.761550000000
1.790780000000 -1.762460000000
1.796910000000 -1.763340000000
1.803050000000 -1.764210000000
1.809180000000 -1.765060000000
1.815310000000 -1.765890000000
1.821450000000 -1.766710000000
1.827580000000 -1.767520000000
1.833710000000 -1.768310000000
1.839840000000 -1.769100000000
1.845980000000 -1.769880000000
1.852110000000 -1.770660000000
1.858240000000 -1.771420000000
1.864380000000 -1.772180000000
1.870510000000 -1.772940000000
1.876640000000 -1.773680000000
1.882770000000 -1.774420000000
1.888910000000 -1.775150000000
1.895040000000 -1.775870000000
1.901170000000 -1.776580000000
1.907300000000 -1.777280000000
1.913440000000 -1.777970000000
1.919570000000 -1.778650000000
1.925700000000 -1.779320000000
1.931840000000 -1.779970000000
1.937970000000 -1.780620000000
1.944100000000 -1.781250000000
1.950230000000 -1.781860000000
1.956370000000 -1.782460000000
1.962500000000 -1.783040000000
1.968630000000 -1.783600000000
1.974770000000 -1.784150000000
1.980900000000 -1.784660000000
1.987030000000 -1.785160000000
1.993160000000 -1.785640000000
1.999300000000 -1.786090000000
2.005430000000 -1.786550000000
2.011560000000 -1.787050000000
2.017700000000 -1.787630000000
2.023830000000 -1.788370000000
2.029960000000 -1.789310000000
2.036090000000 -1.790410000000
2.042230000000 -1.791530000000
2.048360000000 -1.792520000000
2.054490000000 -1.793350000000
2.060620000000 -1.794220000000
2.066760000000 -1.795160000000
2.072890000000 -1.796080000000
2.079020000000 -1.797020000000
2.085160000000 -1.797960000000
2.091290000000 -1.798910000000
2.097420000000 -1.799870000000
2.103550000000 -1.800830000000
2.109690000000 -1.801800000000
2.115820000000 -1.802780000000
2.121950000000 -1.803770000000
2.128090000000 -1.804710000000
2.134220000000 -1.805770000000
2.140350000000 -1.806910000000
2.146480000000 -1.807900000000
2.152620000000 -1.808660000000
2.158750000000 -1.809310000000
2.164880000000 -1.810010000000
2.171020000000 -1.810890000000
2.177150000000 -1.812020000000
2.183280000000 -1.813350000000
2.189410000000 -1.814790000000
2.195550000000 -1.816290000000
2.201680000000 -1.817780000000
2.207810000000 -1.819260000000
2.213950000000 -1.820700000000
2.220080000000 -1.822120000000
2.226210000000 -1.823500000000
2.232340000000 -1.824870000000
2.238480000000 -1.826210000000
2.244610000000 -1.827530000000
2.250740000000 -1.828830000000
2.256870000000 -1.830120000000
2.263010000000 -1.831400000000
2.269140000000 -1.832660000000
2.275270000000 -1.833920000000
2.281410000000 -1.835160000000
2.287540000000 -1.836400000000
2.293670000000 -1.837620000000
2.299800000000 -1.838840000000
2.305940000000 -1.840050000000
2.312070000000 -1.841250000000
2.318200000000 -1.842440000000
2.324340000000 -1.843620000000
2.330470000000 -1.844800000000
2.336600000000 -1.845970000000
2.342730000000 -1.847130000000
2.348870000000 -1.848280000000
2.355000000000 -1.849430000000
2.361130000000 -1.850570000000
2.367270000000 -1.851700000000
2.373400000000 -1.852820000000
2.379530000000 -1.853940000000
2.385660000000 -1.855050000000
2.391800000000 -1.856150000000
2.397930000000 -1.857250000000
2.404060000000 -1.858340000000
2.410200000000 -1.859420000000
2.416330000000 -1.860500000000
2.422460000000 -1.861570000000
2.428590000000 -1.862630000000
2.434730000000 -1.863690000000
2.440860000000 -1.864740000000
2.446990000000 -1.865780000000
2.453120000000 -1.866810000000
2.459260000000 -1.867840000000
2.465390000000 -1.868860000000
2.471520000000 -1.869880000000
2.477660000000 -1.870890000000
2.483790000000 -1.871890000000
2.489920000000 -1.872880000000
2.496050000000 -1.873870000000
2.502190000000 -1.874850000000
2.508320000000 -1.875830000000
2.514450000000 -1.876790000000
2.520590000000 -1.877760000000
2.526720000000 -1.878710000000
2.532850000000 -1.879660000000
2.538980000000 -1.880600000000
2.545120000000 -1.881540000000
2.551250000000 -1.882470000000
2.557380000000 -1.883390000000
2.563520000000 -1.884310000000
2.569650000000 -1.885220000000
2.575780000000 -1.886120000000
2.581910000000 -1.887020000000
2.588050000000 -1.887910000000
2.594180000000 -1.888790000000
2.600310000000 -1.889670000000
2.606450000000 -1.890540000000
2.612580000000 -1.891400000000
2.618710000000 -1.892260000000
2.624840000000 -1.893110000000
2.630980000000 -1.893960000000
2.637110000000 -1.894800000000
2.643240000000 -1.895630000000
2.649380000000 -1.896450000000
2.655510000000 -1.897270000000
2.661640000000 -1.898080000000
2.667770000000 -1.898890000000
2.673910000000 -1.899690000000
2.680040000000 -1.900480000000
2.686170000000 -1.901260000000
2.692300000000 -1.902040000000
2.698440000000 -1.902810000000
2.704570000000 -1.903570000000
2.710700000000 -1.904320000000
2.716840000000 -1.905070000000
2.722970000000 -1.905810000000
2.729100000000 -1.906540000000
2.735230000000 -1.907270000000
2.741370000000 -1.907980000000
2.747500000000 -1.908690000000
2.753630000000 -1.909390000000
2.759770000000 -1.910080000000
2.765900000000 -1.910770000000
2.772030000000 -1.911440000000
2.778160000000 -1.912110000000
2.784300000000 -1.912770000000
2.790430000000 -1.913410000000
2.796560000000 -1.914050000000
2.802700000000 -1.914680000000
2.808830000000 -1.915310000000
2.814960000000 -1.915920000000
2.821090000000 -1.916520000000
2.827230000000 -1.917110000000
2.833360000000 -1.917690000000
2.839490000000 -1.918260000000
2.845630000000 -1.918820000000
2.851760000000 -1.919370000000
2.857890000000 -1.919910000000
2.864020000000 -1.920440000000
2.870160000000 -1.920950000000
2.876290000000 -1.921460000000
2.882420000000 -1.921950000000
2.888550000000 -1.922430000000
2.894690000000 -1.922900000000
2.900820000000 -1.923350000000
2.906950000000 -1.923800000000
2.913090000000 -1.924230000000
2.919220000000 -1.924640000000
2.925350000000 -1.925040000000
2.931480000000 -1.925430000000
2.937620000000 -1.925800000000
2.943750000000 -1.926160000000
2.949880000000 -1.926510000000
2.956020000000 -1.926830000000
2.962150000000 -1.927150000000
2.968280000000 -1.927440000000
2.974410000000 -1.927720000000
2.980550000000 -1.927980000000
2.986680000000 -1.928220000000
2.992810000000 -1.928450000000
2.998950000000 -1.928650000000
3.005080000000 -1.928840000000
3.011210000000 -1.929000000000
3.017340000000 -1.929150000000
3.023480000000 -1.929270000000
3.029610000000 -1.929360000000
3.035740000000 -1.929430000000
3.041880000000 -1.929470000000
3.048010000000 -1.929470000000
3.054140000000 -1.929440000000
3.060270000000 -1.929370000000
3.066410000000 -1.929250000000
3.072540000000 -1.929070000000
3.078670000000 -1.928820000000
3.084800000000 -1.928520000000
3.090940000000 -1.928170000000
3.097070000000 -1.927840000000
3.103200000000 -1.927650000000
3.109340000000 -1.927650000000
3.115470000000 -1.927690000000
3.121600000000 -1.927670000000
3.127730000000 -1.927650000000
3.133870000000 -1.927640000000
3.140000000000 -1.927550000000
3.149315307180 -1.927640000000
3.155455307180 -1.927650000000
3.161585307180 -1.927670000000
3.167715307180 -1.927690000000
3.173845307180 -1.927650000000
3.179985307180 -1.927650000000
3.186115307180 -1.927840000000
3.192245307180 -1.928170000000
3.198385307180 -1.928520000000
3.204515307180 -1.928820000000
3.210645307180 -1.929070000000
3.216775307180 -1.929250000000
3.222915307180 -1.929370000000
3.229045307180 -1.929440000000
3.235175307180 -1.929470000000
3.241305307180 -1.929470000000
3.247445307180 -1.929430000000
3.253575307180 -1.929360000000
3.259705307180 -1.929270000000
3.265845307180 -1.929150000000
3.271975307180 -1.929000000000
3.278105307180 -1.928840000000
3.284235307180 -1.928650000000
3.290375307180 -1.928450000000
3.296505307180 -1.928220000000
3.302635307180 -1.927980000000
3.308775307180 -1.927720000000
3.314905307180 -1.927440000000
3.321035307180 -1.927150000000
3.327165307180 -1.926830000000
3.333305307180 -1.926510000000
3.339435307180 -1.926160000000
3.345565307180 -1.925800000000
3.351705307180 -1.925430000000
3.357835307180 -1.925040000000
3.363965307180 -1.924640000000
3.370095307180 -1.924230000000
3.376235307180 -1.923800000000
3.382365307180 -1.923350000000
3.388495307180 -1.922900000000
3.394635307180 -1.922430000000
3.400765307180 -1.921950000000
3.406895307180 -1.921460000000
3.413025307180 -1.920950000000
3.419165307180 -1.920440000000
3.425295307180 -1.919910000000
3.431425307180 -1.919370000000
3.437555307180 -1.918820000000
3.443695307180 -1.918260000000
3.449825307180 -1.917690000000
3.455955307180 -1.917110000000
3.462095307180 -1.916520000000
3.468225307180 -1.915920000000
3.474355307180 -1.915310000000
3.480485307180 -1.914680000000
3.486625307180 -1.914050000000
3.492755307180 -1.913410000000
3.498885307180 -1.912770000000
3.505025307180 -1.912110000000
3.511155307180 -1.911440000000
3.517285307180 -1.910770000000
3.523415307180 -1.910080000000
3.529555307180 -1.909390000000
3.535685307180 -1.908690000000
3.541815307180 -1.907980000000
3.547955307180 -1.907270000000
3.554085307180 -1.906540000000
3.560215307180 -1.905810000000
3.566345307180 -1.905070000000
3.572485307180 -1.904320000000
3.578615307180 -1.903570000000
3.584745307180 -1.902810000000
3.590885307180 -1.902040000000
3.597015307180 -1.901260000000
3.603145307180 -1.900480000000
3.609275307180 -1.899690000000
3.615415307180 -1.898890000000
3.621545307180 -1.898080000000
3.627675307180 -1.897270000000
3.633805307180 -1.896450000000
3.639945307180 -1.895630000000
3.646075307180 -1.894800000000
3.652205307180 -1.893960000000
3.658345307180 -1.893110000000
3.664475307180 -1.892260000000
3.670605307180 -1.891400000000
3.676735307180 -1.890540000000
3.682875307180 -1.889670000000
3.689005307180 -1.888790000000
3.695135307180 -1.887910000000
3.701275307180 -1.887020000000
3.707405307180 -1.886120000000
3.713535307180 -1.885220000000
3.719665307180 -1.884310000000
3.725805307180 -1.883390000000
3.731935307180 -1.882470000000
3.738065307180 -1.881540000000
3.744205307180 -1.880600000000
3.750335307180 -1.879660000000
3.756465307180 -1.878710000000
3.762595307180 -1.877760000000
3.768735307180 -1.876790000000
3.774865307180 -1.875830000000
3.780995307180 -1.874850000000
3.787135307180 -1.873870000000
3.793265307180 -1.872880000000
3.799395307180 -1.871890000000
3.805525307180 -1.870890000000
3.811665307180 -1.869880000000
3.817795307180 -1.868860000000
3.823925307180 -1.867840000000
3.830065307180 -1.866810000000
3.836195307180 -1.865780000000
3.842325307180 -1.864740000000
3.848455307180 -1.863690000000
3.854595307180 -1.862630000000
3.860725307180 -1.861570000000
3.866855307180 -1.860500000000
3.872985307180 -1.859420000000
3.879125307180 -1.858340000000
3.885255307180 -1.857250000000
3.891385307180 -1.856150000000
3.897525307180 -1.855050000000
3.903655307180 -1.853940000000
3.909785307180 -1.852820000000
3.915915307180 -1.851700000000
3.922055307180 -1.850570000000
3.928185307180 -1.849430000000
3.934315307180 -1.848280000000
3.940455307180 -1.847130000000
3.946585307180 -1.845970000000
3.952715307180 -1.844800000000
3.958845307180 -1.843620000000
3.964985307180 -1.842440000000
3.971115307180 -1.841250000000
3.977245307180 -1.840050000000
3.983385307180 -1.838840000000
3.989515307180 -1.837620000000
3.995645307180 -1.836400000000
4.001775307180 -1.835160000000
4.007915307180 -1.833920000000
4.014045307180 -1.832660000000
4.020175307180 -1.831400000000
4.026315307180 -1.830120000000
4.032445307180 -1.828830000000
4.038575307180 -1.827530000000
4.044705307180 -1.826210000000
4.050845307180 -1.824870000000
4.056975307180 -1.823500000000
4.063105307180 -1.822120000000
4.069235307180 -1.820700000000
4.075375307180 -1.819260000000
4.081505307180 -1.817780000000
4.087635307180 -1.816290000000
4.093775307180 -1.814790000000
4.099905307180 -1.813350000000
4.106035307180 -1.812020000000
4.112165307180 -1.810890000000
4.118305307180 -1.810010000000
4.124435307180 -1.809310000000
4.130565307180 -1.808660000000
4.136705307180 -1.807900000000
4.142835307180 -1.806910000000
4.148965307180 -1.805770000000
4.155095307180 -1.804710000000
4.161235307180 -1.803770000000
4.167365307180 -1.802780000000
4.173495307180 -1.801800000000
4.179635307180 -1.800830000000
4.185765307180 -1.799870000000
4.191895307180 -1.798910000000
4.198025307180 -1.797960000000
4.204165307180 -1.797020000000
4.210295307180 -1.796080000000
4.216425307180 -1.795160000000
4.222565307180 -1.794220000000
4.228695307180 -1.793350000000
4.234825307180 -1.792520000000
4.240955307180 -1.791530000000
4.247095307180 -1.790410000000
4.253225307180 -1.789310000000
4.259355307180 -1.788370000000
4.265485307180 -1.787630000000
4.271625307180 -1.787050000000
4.277755307180 -1.786550000000
4.283885307180 -1.786090000000
4.290025307180 -1.785640000000
4.296155307180 -1.785160000000
4.302285307180 -1.784660000000
4.308415307180 -1.784150000000
4.314555307180 -1.783600000000
4.320685307180 -1.783040000000
4.326815307180 -1.782460000000
4.332955307180 -1.781860000000
4.339085307180 -1.781250000000
4.345215307180 -1.780620000000
4.351345307180 -1.779970000000
4.357485307180 -1.779320000000
4.363615307180 -1.778650000000
4.369745307180 -1.777970000000
4.375885307180 -1.777280000000
4.382015307180 -1.776580000000
4.388145307180 -1.775870000000
4.394275307180 -1.775150000000
4.400415307180 -1.774420000000
4.406545307180 -1.773680000000
4.412675307180 -1.772940000000
4.418805307180 -1.772180000000
4.424945307180 -1.771420000000
4.431075307180 -1.770660000000
4.437205307180 -1.769880000000
4.443345307180 -1.769100000000
4.449475307180 -1.768310000000
4.455605307180 -1.767520000000
4.461735307180 -1.766710000000
4.467875307180 -1.765890000000
4.474005307180 -1.765060000000
4.480135307180 -1.764210000000
4.486275307180 -1.763340000000
4.492405307180 -1.762460000000
4.498535307180 -1.761550000000
4.504665307180 -1.760620000000
4.510805307180 -1.759670000000
4.516935307180 -1.758710000000
4.523065307180 -1.757740000000
4.529205307180 -1.756750000000
4.535335307180 -1.755750000000
4.541465307180 -1.754740000000
4.547595307180 -1.753730000000
4.553735307180 -1.752710000000
4.559865307180 -1.751690000000
4.565995307180 -1.750660000000
4.572135307180 -1.749630000000
4.578265307180 -1.748600000000
4.584395307180 -1.747570000000
4.590525307180 -1.746530000000
4.596665307180 -1.745500000000
4.602795307180 -1.744490000000
4.608925307180 -1.743520000000
4.615055307180 -1.742600000000
4.621195307180 -1.741760000000
4.627325307180 -1.741020000000
4.633455307180 -1.740420000000
4.639595307180 -1.739970000000
4.645725307180 -1.739640000000
4.651855307180 -1.739380000000
4.657985307180 -1.739130000000
4.664125307180 -1.738820000000
4.670255307180 -1.738460000000
4.676385307180 -1.738110000000
4.682525307180 -1.737820000000
4.688655307180 -1.737560000000
4.694785307180 -1.737330000000
4.700915307180 -1.737120000000
4.707055307180 -1.736940000000
4.713185307180 -1.736820000000
4.719315307180 -1.736650000000
4.725455307180 -1.736550000000
4.731585307180 -1.736470000000
4.737715307180 -1.736420000000
4.743845307180 -1.736400000000
4.749985307180 -1.736410000000
4.756115307180 -1.736460000000
4.762245307180 -1.736450000000
4.768385307180 -1.736400000000
4.774515307180 -1.736390000000
4.780645307180 -1.736530000000
4.786775307180 -1.736860000000
4.792915307180 -1.737380000000
4.799045307180 -1.738030000000
4.805175307180 -1.738770000000
4.811305307180 -1.739540000000
4.817445307180 -1.740320000000
4.823575307180 -1.741080000000
4.829705307180 -1.741820000000
4.835845307180 -1.742530000000
4.841975307180 -1.743200000000
4.848105307180 -1.743830000000
4.854235307180 -1.744430000000
4.860375307180 -1.745000000000
4.866505307180 -1.745520000000
4.872635307180 -1.746010000000
4.878775307180 -1.746460000000
4.884905307180 -1.746880000000
4.891035307180 -1.747260000000
4.897165307180 -1.747610000000
4.903305307180 -1.747930000000
4.909435307180 -1.748210000000
4.915565307180 -1.748460000000
4.921705307180 -1.748680000000
4.927835307180 -1.748860000000
4.933965307180 -1.749010000000
4.940095307180 -1.749130000000
4.946235307180 -1.749220000000
4.952365307180 -1.749270000000
4.958495307180 -1.749290000000
4.964635307180 -1.749280000000
4.970765307180 -1.749220000000
4.976895307180 -1.749130000000
4.983025307180 -1.749000000000
4.989165307180 -1.748820000000
4.995295307180 -1.748600000000
5.001425307180 -1.748330000000
5.007555307180 -1.748010000000
5.013695307180 -1.747640000000
5.019825307180 -1.747210000000
5.025955307180 -1.746720000000
5.032095307180 -1.746180000000
5.038225307180 -1.745580000000
5.044355307180 -1.744930000000
5.050485307180 -1.744220000000
5.056625307180 -1.743460000000
5.062755307180 -1.742640000000
5.068885307180 -1.741780000000
5.075025307180 -1.740860000000
5.081155307180 -1.739900000000
5.087285307180 -1.738890000000
5.093415307180 -1.737830000000
5.099555307180 -1.736720000000
5.105685307180 -1.735570000000
5.111815307180 -1.734370000000
5.117955307180 -1.733130000000
5.124085307180 -1.731850000000
5.130215307180 -1.730530000000
5.136345307180 -1.729170000000
5.142485307180 -1.727780000000
5.148615307180 -1.726370000000
5.154745307180 -1.724930000000
5.160885307180 -1.723490000000
5.167015307180 -1.722060000000
5.173145307180 -1.720650000000
5.179275307180 -1.719290000000
5.185415307180 -1.717990000000
5.191545307180 -1.716740000000
5.197675307180 -1.715550000000
5.203815307180 -1.714380000000
5.209945307180 -1.713230000000
5.216075307180 -1.712110000000
5.222205307180 -1.711020000000
5.228345307180 -1.709980000000
5.234475307180 -1.708990000000
5.240605307180 -1.708050000000
5.246735307180 -1.707190000000
5.252875307180 -1.706420000000
5.259005307180 -1.705730000000
5.265135307180 -1.705130000000
5.271275307180 -1.704630000000
5.277405307180 -1.704220000000
5.283537307180 -1.703920000000
5.289669307180 -1.703700000000
5.295802307180 -1.703560000000
5.301935307180 -1.703600000000
5.308068307180 -1.703530000000
5.314201307180 -1.703720000000
5.320333307180 -1.704070000000
5.326466307180 -1.704590000000
5.332599307180 -1.705270000000
5.338732307180 -1.706090000000
5.344865307180 -1.707010000000
5.350997307180 -1.708010000000
5.357130307180 -1.709040000000
5.363263307180 -1.710080000000
5.369396307180 -1.711100000000
5.375529307180 -1.712080000000
5.381662307180 -1.712990000000
5.387794307180 -1.713820000000
5.393927307180 -1.714540000000
5.400060307180 -1.715150000000
5.406193307180 -1.715640000000
5.412326307180 -1.716000000000
5.418458307180 -1.716250000000
5.424591307180 -1.716380000000
5.430724307180 -1.716400000000
5.436857307180 -1.716320000000
5.442990307180 -1.716130000000
5.449122307180 -1.715840000000
5.455255307180 -1.715450000000
5.461388307180 -1.714950000000
5.467521307180 -1.714340000000
5.473654307180 -1.713630000000
5.479787307180 -1.712820000000
5.485919307180 -1.711890000000
5.492052307180 -1.710870000000
5.498185307180 -1.709790000000
5.504318307180 -1.708570000000
5.510451307180 -1.707300000000
5.516583307180 -1.705960000000
5.522716307180 -1.704580000000
5.528849307180 -1.703170000000
5.534982307180 -1.701770000000
5.541115307180 -1.700410000000
5.547247307180 -1.699140000000
5.553380307180 -1.697990000000
5.559513307180 -1.696980000000
5.565646307180 -1.696170000000
5.571779307180 -1.695590000000
5.577912307180 -1.695290000000
5.584044307180 -1.695290000000
5.590177307180 -1.695590000000
5.596310307180 -1.696180000000
5.602443307180 -1.697020000000
5.608576307180 -1.698050000000
5.614708307180 -1.699180000000
5.620841307180 -1.700310000000
5.626974307180 -1.701360000000
5.633107307180 -1.702280000000
5.639240307180 -1.703010000000
5.645372307180 -1.703550000000
5.651505307180 -1.703870000000
5.657638307180 -1.703960000000
5.663771307180 -1.703830000000
5.669904307180 -1.703470000000
5.676037307180 -1.702880000000
5.682169307180 -1.702090000000
5.688302307180 -1.701090000000
5.694435307180 -1.699950000000
5.700568307180 -1.698610000000
5.706701307180 -1.697230000000
5.712833307180 -1.695830000000
5.718966307180 -1.694540000000
5.725099307180 -1.693470000000
5.731232307180 -1.692730000000
5.737365307180 -1.692430000000
5.743498307180 -1.692610000000
5.749630307180 -1.693230000000
5.755763307180 -1.694170000000
5.761896307180 -1.695240000000
5.768029307180 -1.696280000000
5.774162307180 -1.697140000000
5.780294307180 -1.697720000000
5.786427307180 -1.697960000000
5.792560307180 -1.697850000000
5.798693307180 -1.697390000000
5.804826307180 -1.696600000000
5.810958307180 -1.695530000000
5.817091307180 -1.694300000000
5.823224307180 -1.693060000000
5.829357307180 -1.692030000000
5.835490307180 -1.691440000000
5.841622307180 -1.691440000000
5.847755307180 -1.691980000000
5.853888307180 -1.692850000000
5.860021307180 -1.693750000000
5.866154307180 -1.694420000000
5.872287307180 -1.694690000000
5.878419307180 -1.694490000000
5.884552307180 -1.693830000000
5.890685307180 -1.692900000000
5.896818307180 -1.691810000000
5.902951307180 -1.691040000000
5.909083307180 -1.690840000000
5.915216307180 -1.691250000000
5.921349307180 -1.691960000000
5.927482307180 -1.692570000000
5.933615307180 -1.692750000000
5.939747307180 -1.692390000000
5.945880307180 -1.691630000000
5.952013307180 -1.690840000000
5.958146307180 -1.690480000000
5.964279307180 -1.690730000000
5.970412307180 -1.691260000000
5.976544307180 -1.691560000000
5.982677307180 -1.691330000000
5.988810307180 -1.690720000000
5.994943307180 -1.690250000000
6.001076307180 -1.690310000000
6.007208307180 -1.690690000000
6.013341307180 -1.690780000000
6.019474307180 -1.690400000000
6.025607307180 -1.690010000000
6.031740307180 -1.690080000000
6.037872307180 -1.690290000000
6.044005307180 -1.690130000000
6.050138307180 -1.689820000000
6.056271307180 -1.689860000000
6.062404307180 -1.689940000000
6.068537307180 -1.689720000000
6.074669307180 -1.689650000000
6.080802307180 -1.689700000000
6.086935307180 -1.689580000000
6.093068307180 -1.689520000000
6.099201307180 -1.689470000000
6.105333307180 -1.689390000000
6.111466307180 -1.689360000000
6.117599307180 -1.689290000000
6.123732307180 -1.689250000000
6.129865307180 -1.689210000000
6.135998307180 -1.689160000000
6.142130307180 -1.689120000000
6.148263307180 -1.689080000000
6.154396307180 -1.689040000000
6.160529307180 -1.689000000000
6.166662307180 -1.688970000000
6.172794307180 -1.688930000000
6.178927307180 -1.688900000000
6.185060307180 -1.688870000000
6.191193107180 -1.688840000000
6.197325907180 -1.688820000000
6.203458707180 -1.688790000000
6.209591607180 -1.688770000000
6.215724407180 -1.688750000000
6.221857207180 -1.688730000000
6.227990007180 -1.688710000000
6.234122807180 -1.688700000000
6.240255607180 -1.688690000000
6.246388407180 -1.688670000000
6.252521207180 -1.688660000000
6.258654007180 -1.688660000000
6.264786907180 -1.688650000000
6.270919707180 -1.688640000000
6.277052497180 -1.688640000000
6.283185307180 -1.688980000000
