0.000000000000 -1.624070000000
0.006132810000 -1.625040000000
0.012265600000 -1.625050000000
0.018398400000 -1.625070000000
0.024531300000 -1.625090000000
0.030664100000 -1.625120000000
0.036796900000 -1.625150000000
0.042929700000 -1.625190000000
0.049062500000 -1.625230000000
0.055195300000 -1.625280000000
0.061328100000 -1.625330000000
0.067460900000 -1.625390000000
0.073593700000 -1.625460000000
0.079726600000 -1.625530000000
0.085859400000 -1.625600000000
0.091992200000 -1.625680000000
0.098125000000 -1.625770000000
0.104258000000 -1.625860000000
0.110391000000 -1.625950000000
0.116523000000 -1.626050000000
0.122656000000 -1.626150000000
0.128789000000 -1.626260000000
0.134922000000 -1.626370000000
0.141055000000 -1.626480000000
0.147187000000 -1.626600000000
0.153320000000 -1.626720000000
0.159453000000 -1.626850000000
0.165586000000 -1.626980000000
0.171719000000 -1.627110000000
0.177852000000 -1.627250000000
0.183984000000 -1.627390000000
0.190117000000 -1.627540000000
0.196250000000 -1.627130000000
0.202383000000 -1.627840000000
0.208516000000 -1.627990000000
0.214648000000 -1.628150000000
0.220781000000 -1.628320000000
0.226914000000 -1.628470000000
0.233047000000 -1.628650000000
0.239180000000 -1.628820000000
0.245313000000 -1.628970000000
0.251445000000 -1.629180000000
0.257578000000 -1.629370000000
0.263711000000 -1.629500000000
0.269844000000 -1.629690000000
0.275977000000 -1.629940000000
0.282109000000 -1.630130000000
0.288242000000 -1.630240000000
0.294375000000 -1.630420000000
0.300508000000 -1.630710000000
0.306641000000 -1.630990000000
0.312773000000 -1.631130000000
0.318906000000 -1.631200000000
0.325039000000 -1.631380000000
0.331172000000 -1.631720000000
0.337305000000 -1.632090000000
0.343438000000 -1.632340000000
0.349570000000 -1.632420000000
0.355703000000 -1.632430000000
0.361836000000 -1.632570000000
0.367969000000 -1.632900000000
0.374102000000 -1.633370000000
0.380234000000 -1.633820000000
0.386367000000 -1.634110000000
0.392500000000 -1.633760000000
0.398633000000 -1.634100000000
0.404766000000 -1.634070000000
0.410898000000 -1.634220000000
0.417031000000 -1.634610000000
0.423164000000 -1.635170000000
0.429297000000 -1.635780000000
0.435430000000 -1.636320000000
0.441563000000 -1.636660000000
0.447695000000 -1.636730000000
0.453828000000 -1.636600000000
0.459961000000 -1.636390000000
0.466094000000 -1.636280000000
0.472227000000 -1.636360000000
0.478359000000 -1.636680000000
0.484492000000 -1.637220000000
0.490625000000 -1.637920000000
0.496758000000 -1.638690000000
0.502891000000 -1.639440000000
0.509023000000 -1.640070000000
0.515156000000 -1.640470000000
0.521289000000 -1.640600000000
0.527422000000 -1.640470000000
0.533555000000 -1.640160000000
0.539687000000 -1.639800000000
0.545820000000 -1.639530000000
0.551953000000 -1.639420000000
0.558086000000 -1.639530000000
0.564219000000 -1.639840000000
0.570352000000 -1.640350000000
0.576484000000 -1.641020000000
0.582617000000 -1.641830000000
0.588750000000 -1.642470000000
0.594883000000 -1.643670000000
0.601016000000 -1.644600000000
0.607148000000 -1.645430000000
0.613281000000 -1.646100000000
0.619414000000 -1.646550000000
0.625547000000 -1.646730000000
0.631680000000 -1.646630000000
0.637813000000 -1.646290000000
0.643945000000 -1.645820000000
0.650078000000 -1.645300000000
0.656211000000 -1.644830000000
0.662344000000 -1.644470000000
0.668477000000 -1.644280000000
0.674609000000 -1.644260000000
0.680742000000 -1.644400000000
0.686875000000 -1.644680000000
0.693008000000 -1.645110000000
0.699141000000 -1.645680000000
0.705273000000 -1.646370000000
0.711406000000 -1.647170000000
0.717539000000 -1.648050000000
0.723672000000 -1.649010000000
0.729805000000 -1.650030000000
0.735938000000 -1.651120000000
0.742070000000 -1.652220000000
0.748203000000 -1.653310000000
0.754336000000 -1.654340000000
0.760469000000 -1.655250000000
0.766602000000 -1.656030000000
0.772734000000 -1.656640000000
0.778867000000 -1.657020000000
0.785000000000 -1.656860000000
0.791133000000 -1.656970000000
0.797266000000 -1.656590000000
0.803398000000 -1.656050000000
0.809531000000 -1.655420000000
0.815664000000 -1.654760000000
0.821797000000 -1.654110000000
0.827930000000 -1.653510000000
0.834063000000 -1.653010000000
0.840195000000 -1.652650000000
0.846328000000 -1.652440000000
0.852461000000 -1.652380000000
0.858594000000 -1.652450000000
0.864727000000 -1.652590000000
0.870859000000 -1.652780000000
0.876992000000 -1.653050000000
0.883125000000 -1.653410000000
0.889258000000 -1.653850000000
0.895391000000 -1.654380000000
0.901523000000 -1.655000000000
0.907656000000 -1.655700000000
0.913789000000 -1.656460000000
0.919922000000 -1.657290000000
0.926055000000 -1.658160000000
0.932188000000 -1.659060000000
0.938320000000 -1.659980000000
0.944453000000 -1.660940000000
0.950586000000 -1.661950000000
0.956719000000 -1.663030000000
0.962852000000 -1.664190000000
0.968984000000 -1.665390000000
0.975117000000 -1.666630000000
0.981250000000 -1.667800000000
0.987383000000 -1.669100000000
0.993516000000 -1.670300000000
0.999648000000 -1.671460000000
1.005780000000 -1.672550000000
1.011910000000 -1.673570000000
1.018050000000 -1.674500000000
1.024180000000 -1.675330000000
1.030310000000 -1.676020000000
1.036450000000 -1.676560000000
1.042580000000 -1.676900000000
1.048710000000 -1.676970000000
1.054840000000 -1.676770000000
1.060980000000 -1.676370000000
1.067110000000 -1.675830000000
1.073240000000 -1.675190000000
1.079370000000 -1.674480000000
1.085510000000 -1.673720000000
1.091640000000 -1.672930000000
1.097770000000 -1.672140000000
1.103910000000 -1.671350000000
1.110040000000 -1.670580000000
1.116170000000 -1.669860000000
1.122300000000 -1.669210000000
1.128440000000 -1.668640000000
1.134570000000 -1.668160000000
1.140700000000 -1.667790000000
1.146840000000 -1.667540000000
1.152970000000 -1.667420000000
1.159100000000 -1.667450000000
1.165230000000 -1.667620000000
1.171370000000 -1.667900000000
1.177500000000 -1.667980000000
1.183630000000 -1.668490000000
1.189770000000 -1.668700000000
1.195900000000 -1.668870000000
1.202030000000 -1.669070000000
1.208160000000 -1.669330000000
1.214300000000 -1.669650000000
1.220430000000 -1.670000000000
1.226560000000 -1.670400000000
1.232700000000 -1.670840000000
1.238830000000 -1.671330000000
1.244960000000 -1.671880000000
1.251090000000 -1.672470000000
1.257230000000 -1.673110000000
1.263360000000 -1.673810000000
1.269490000000 -1.674550000000
1.275630000000 -1.675330000000
1.281760000000 -1.676160000000
1.287890000000 -1.677020000000
1.294020000000 -1.677900000000
1.300160000000 -1.678820000000
1.306290000000 -1.679740000000
1.312420000000 -1.680700000000
1.318550000000 -1.681710000000
1.324690000000 -1.682750000000
1.330820000000 -1.683790000000
1.336950000000 -1.684770000000
1.343090000000 -1.685670000000
1.349220000000 -1.686510000000
1.355350000000 -1.687320000000
1.361480000000 -1.688160000000
1.367620000000 -1.689050000000
1.373750000000 -1.689910000000
1.379880000000 -1.691070000000
1.386020000000 -1.692180000000
1.392150000000 -1.693350000000
1.398280000000 -1.694560000000
1.404410000000 -1.695820000000
1.410550000000 -1.697100000000
1.416680000000 -1.698410000000
1.422810000000 -1.699730000000
1.428950000000 -1.701070000000
1.435080000000 -1.702420000000
1.441210000000 -1.703780000000
1.447340000000 -1.705140000000
1.453480000000 -1.706490000000
1.459610000000 -1.707840000000
1.465740000000 -1.709160000000
1.471880000000 -1.710470000000
1.478010000000 -1.711750000000
1.484140000000 -1.713000000000
1.490270000000 -1.714230000000
1.496410000000 -1.715410000000
1.502540000000 -1.716560000000
1.508670000000 -1.717660000000
1.514800000000 -1.718730000000
1.520940000000 -1.719740000000
1.527070000000 -1.720700000000
1.533200000000 -1.721600000000
1.539340000000 -1.722440000000
1.545470000000 -1.723200000000
1.551600000000 -1.723880000000
1.557730000000 -1.724440000000
1.563870000000 -1.724850000000
1.570000000000 -1.724740000000
1.576130000000 -1.724940000000
1.582270000000 -1.724630000000
1.588400000000 -1.724180000000
1.594530000000 -1.723630000000
1.600660000000 -1.722990000000
1.606800000000 -1.722300000000
1.612930000000 -1.721550000000
1.619060000000 -1.720760000000
1.625200000000 -1.719940000000
1.631330000000 -1.719080000000
1.637460000000 -1.718200000000
1.643590000000 -1.717290000000
1.649730000000 -1.716360000000
1.655860000000 -1.715420000000
1.661990000000 -1.714470000000
1.668130000000 -1.713510000000
1.674260000000 -1.712540000000
1.680390000000 -1.711570000000
1.686520000000 -1.710610000000
1.692660000000 -1.709660000000
1.698790000000 -1.708720000000
1.704920000000 -1.707800000000
1.711050000000 -1.706920000000
1.717190000000 -1.706060000000
1.723320000000 -1.705250000000
1.729450000000 -1.704500000000
1.735590000000 -1.703800000000
1.741720000000 -1.703160000000
1.747850000000 -1.702570000000
1.753980000000 -1.702040000000
1.760120000000 -1.701550000000
1.766250000000 -1.701010000000
1.772380000000 -1.700680000000
1.778520000000 -1.700320000000
1.784650000000 -1.700020000000
1.790780000000 -1.699790000000
1.796910000000 -1.699620000000
1.803050000000 -1.699530000000
1.809180000000 -1.699520000000
1.815310000000 -1.699600000000
1.821450000000 -1.699750000000
1.827580000000 -1.699980000000
1.833710000000 -1.700280000000
1.839840000000 -1.700670000000
1.845980000000 -1.701180000000
1.852110000000 -1.701810000000
1.858240000000 -1.702520000000
1.864380000000 -1.703290000000
1.870510000000 -1.704060000000
1.876640000000 -1.704780000000
1.882770000000 -1.705380000000
1.888910000000 -1.705820000000
1.895040000000 -1.706060000000
1.901170000000 -1.706140000000
1.907300000000 -1.706090000000
1.913440000000 -1.705960000000
1.919570000000 -1.705800000000
1.925700000000 -1.705660000000
1.931840000000 -1.705600000000
1.937970000000 -1.705650000000
1.944100000000 -1.705850000000
1.950230000000 -1.706220000000
1.956370000000 -1.706740000000
1.962500000000 -1.706990000000
1.968630000000 -1.707780000000
1.974770000000 -1.708130000000
1.980900000000 -1.708380000000
1.987030000000 -1.708640000000
1.993160000000 -1.709010000000
1.999300000000 -1.709490000000
2.005430000000 -1.709960000000
2.011560000000 -1.710390000000
2.017700000000 -1.710840000000
2.023830000000 -1.711350000000
2.029960000000 -1.711850000000
2.036090000000 -1.712380000000
2.042230000000 -1.712930000000
2.048360000000 -1.713500000000
2.054490000000 -1.714090000000
2.060620000000 -1.714700000000
2.066760000000 -1.715340000000
2.072890000000 -1.716010000000
2.079020000000 -1.716700000000
2.085160000000 -1.717410000000
2.091290000000 -1.718160000000
2.097420000000 -1.718930000000
2.103550000000 -1.719730000000
2.109690000000 -1.720550000000
2.115820000000 -1.721400000000
2.121950000000 -1.722280000000
2.128090000000 -1.723170000000
2.134220000000 -1.724090000000
2.140350000000 -1.725030000000
2.146480000000 -1.725980000000
2.152620000000 -1.726950000000
2.158750000000 -1.727430000000
2.164880000000 -1.728950000000
2.171020000000 -1.729960000000
2.177150000000 -1.730950000000
2.183280000000 -1.732030000000
2.189410000000 -1.733170000000
2.195550000000 -1.734210000000
2.201680000000 -1.735120000000
2.207810000000 -1.736090000000
2.213950000000 -1.737230000000
2.220080000000 -1.738540000000
2.226210000000 -1.739920000000
2.232340000000 -1.741250000000
2.238480000000 -1.742410000000
2.244610000000 -1.743350000000
2.250740000000 -1.744100000000
2.256870000000 -1.744800000000
2.263010000000 -1.745580000000
2.269140000000 -1.746500000000
2.275270000000 -1.747570000000
2.281410000000 -1.748760000000
2.287540000000 -1.750080000000
2.293670000000 -1.751490000000
2.299800000000 -1.752980000000
2.305940000000 -1.754550000000
2.312070000000 -1.756180000000
2.318200000000 -1.757850000000
2.324340000000 -1.759530000000
2.330470000000 -1.761170000000
2.336600000000 -1.762770000000
2.342730000000 -1.764270000000
2.348870000000 -1.765640000000
2.355000000000 -1.766480000000
2.361130000000 -1.767720000000
2.367270000000 -1.768440000000
2.373400000000 -1.769040000000
2.379530000000 -1.769590000000
2.385660000000 -1.770100000000
2.391800000000 -1.770620000000
2.397930000000 -1.771170000000
2.404060000000 -1.771800000000
2.410200000000 -1.772510000000
2.416330000000 -1.773340000000
2.422460000000 -1.774300000000
2.428590000000 -1.775410000000
2.434730000000 -1.776660000000
2.440860000000 -1.777970000000
2.446990000000 -1.779230000000
2.453120000000 -1.780380000000
2.459260000000 -1.781470000000
2.465390000000 -1.782610000000
2.471520000000 -1.783820000000
2.477660000000 -1.785030000000
2.483790000000 -1.786270000000
2.489920000000 -1.787530000000
2.496050000000 -1.788820000000
2.502190000000 -1.790140000000
2.508320000000 -1.791490000000
2.514450000000 -1.792870000000
2.520590000000 -1.794280000000
2.526720000000 -1.795720000000
2.532850000000 -1.797190000000
2.538980000000 -1.798670000000
2.545120000000 -1.800180000000
2.551250000000 -1.801390000000
2.557380000000 -1.803230000000
2.563520000000 -1.804760000000
2.569650000000 -1.806270000000
2.575780000000 -1.807800000000
2.581910000000 -1.809420000000
2.588050000000 -1.811120000000
2.594180000000 -1.812850000000
2.600310000000 -1.814550000000
2.606450000000 -1.816170000000
2.612580000000 -1.817670000000
2.618710000000 -1.819030000000
2.624840000000 -1.820280000000
2.630980000000 -1.821450000000
2.637110000000 -1.822610000000
2.643240000000 -1.823780000000
2.649380000000 -1.825000000000
2.655510000000 -1.826280000000
2.661640000000 -1.827600000000
2.667770000000 -1.828960000000
2.673910000000 -1.830340000000
2.680040000000 -1.831740000000
2.686170000000 -1.833170000000
2.692300000000 -1.834630000000
2.698440000000 -1.836100000000
2.704570000000 -1.837590000000
2.710700000000 -1.839090000000
2.716840000000 -1.840600000000
2.722970000000 -1.842110000000
2.729100000000 -1.843620000000
2.735230000000 -1.845110000000
2.741370000000 -1.846590000000
2.747500000000 -1.848020000000
2.753630000000 -1.849520000000
2.759770000000 -1.850990000000
2.765900000000 -1.852460000000
2.772030000000 -1.853950000000
2.778160000000 -1.855440000000
2.784300000000 -1.856950000000
2.790430000000 -1.858470000000
2.796560000000 -1.859990000000
2.802700000000 -1.861520000000
2.808830000000 -1.863040000000
2.814960000000 -1.864560000000
2.821090000000 -1.866090000000
2.827230000000 -1.867600000000
2.833360000000 -1.869120000000
2.839490000000 -1.870630000000
2.845630000000 -1.872140000000
2.851760000000 -1.873640000000
2.857890000000 -1.875140000000
2.864020000000 -1.876630000000
2.870160000000 -1.878110000000
2.876290000000 -1.879580000000
2.882420000000 -1.881040000000
2.888550000000 -1.882490000000
2.894690000000 -1.883930000000
2.900820000000 -1.885350000000
2.906950000000 -1.886770000000
2.913090000000 -1.888170000000
2.919220000000 -1.889560000000
2.925350000000 -1.890940000000
2.931480000000 -1.892300000000
2.937620000000 -1.893650000000
2.943750000000 -1.894980000000
2.949880000000 -1.896300000000
2.956020000000 -1.897610000000
2.962150000000 -1.898900000000
2.968280000000 -1.900170000000
2.974410000000 -1.901420000000
2.980550000000 -1.902660000000
2.986680000000 -1.903880000000
2.992810000000 -1.905080000000
2.998950000000 -1.906270000000
3.005080000000 -1.907430000000
3.011210000000 -1.908580000000
3.017340000000 -1.909700000000
3.023480000000 -1.910810000000
3.029610000000 -1.911890000000
3.035740000000 -1.912950000000
3.041880000000 -1.913990000000
3.048010000000 -1.915010000000
3.054140000000 -1.916000000000
3.060270000000 -1.916970000000
3.066410000000 -1.917910000000
3.072540000000 -1.918830000000
3.078670000000 -1.919720000000
3.084800000000 -1.920590000000
3.090940000000 -1.921470000000
3.097070000000 -1.929250000000
3.103200000000 -1.922780000000
3.109340000000 -1.923560000000
3.115470000000 -1.924260000000
3.121600000000 -1.924920000000
3.127730000000 -1.925530000000
3.133870000000 -1.926110000000
3.140000000000 -1.925610000000
3.149315307180 -1.926110000000
3.155455307180 -1.925530000000
3.161585307180 -1.924920000000
3.167715307180 -1.924260000000
3.173845307180 -1.923560000000
3.179985307180 -1.922780000000
3.186115307180 -1.929250000000
3.192245307180 -1.921470000000
3.198385307180 -1.920590000000
3.204515307180 -1.919720000000
3.210645307180 -1.918830000000
3.216775307180 -1.917910000000
3.222915307180 -1.916970000000
3.229045307180 -1.916000000000
3.235175307180 -1.915010000000
3.241305307180 -1.913990000000
3.247445307180 -1.912950000000
3.253575307180 -1.911890000000
3.259705307180 -1.910810000000
3.265845307180 -1.909700000000
3.271975307180 -1.908580000000
3.278105307180 -1.907430000000
3.284235307180 -1.906270000000
3.290375307180 -1.905080000000
3.296505307180 -1.903880000000
3.302635307180 -1.902660000000
3.308775307180 -1.901420000000
3.314905307180 -1.900170000000
3.321035307180 -1.898900000000
3.327165307180 -1.897610000000
3.333305307180 -1.896300000000
3.339435307180 -1.894980000000
3.345565307180 -1.893650000000
3.351705307180 -1.892300000000
3.357835307180 -1.890940000000
3.363965307180 -1.889560000000
3.370095307180 -1.888170000000
3.376235307180 -1.886770000000
3.382365307180 -1.885350000000
3.388495307180 -1.883930000000
3.394635307180 -1.882490000000
3.400765307180 -1.881040000000
3.406895307180 -1.879580000000
3.413025307180 -1.878110000000
3.419165307180 -1.876630000000
3.425295307180 -1.875140000000
3.431425307180 -1.873640000000
3.437555307180 -1.872140000000
3.443695307180 -1.870630000000
3.449825307180 -1.869120000000
3.455955307180 -1.867600000000
3.462095307180 -1.866090000000
3.468225307180 -1.864560000000
3.474355307180 -1.863040000000
3.480485307180 -1.861520000000
3.486625307180 -1.859990000000
3.492755307180 -1.858470000000
3.498885307180 -1.856950000000
3.505025307180 -1.855440000000
3.511155307180 -1.853950000000
3.517285307180 -1.852460000000
3.523415307180 -1.850990000000
3.529555307180 -1.849520000000
3.535685307180 -1.848020000000
3.541815307180 -1.846590000000
3.547955307180 -1.845110000000
3.554085307180 -1.843620000000
3.560215307180 -1.842110000000
3.566345307180 -1.840600000000
3.572485307180 -1.839090000000
3.578615307180 -1.837590000000
3.584745307180 -1.836100000000
3.590885307180 -1.834630000000
3.597015307180 -1.833170000000
3.603145307180 -1.831740000000
3.609275307180 -1.830340000000
3.615415307180 -1.828960000000
3.621545307180 -1.827600000000
3.627675307180 -1.826280000000
3.633805307180 -1.825000000000
3.639945307180 -1.823780000000
3.646075307180 -1.822610000000
3.652205307180 -1.821450000000
3.658345307180 -1.820280000000
3.664475307180 -1.819030000000
3.670605307180 -1.817670000000
3.676735307180 -1.816170000000
3.682875307180 -1.814550000000
3.689005307180 -1.812850000000
3.695135307180 -1.811120000000
3.701275307180 -1.809420000000
3.707405307180 -1.807800000000
3.713535307180 -1.806270000000
3.719665307180 -1.804760000000
3.725805307180 -1.803230000000
3.731935307180 -1.801390000000
3.738065307180 -1.800180000000
3.744205307180 -1.798670000000
3.750335307180 -1.797190000000
3.756465307180 -1.795720000000
3.762595307180 -1.794280000000
3.768735307180 -1.792870000000
3.774865307180 -1.791490000000
3.780995307180 -1.790140000000
3.787135307180 -1.788820000000
3.793265307180 -1.787530000000
3.799395307180 -1.786270000000
3.805525307180 -1.785030000000
3.811665307180 -1.783820000000
3.817795307180 -1.782610000000
3.823925307180 -1.781470000000
3.830065307180 -1.780380000000
3.836195307180 -1.779230000000
3.842325307180 -1.777970000000
3.848455307180 -1.776660000000
3.854595307180 -1.775410000000
3.860725307180 -1.774300000000
3.866855307180 -1.773340000000
3.872985307180 -1.772510000000
3.879125307180 -1.771800000000
3.885255307180 -1.771170000000
3.891385307180 -1.770620000000
3.897525307180 -1.770100000000
3.903655307180 -1.769590000000
3.909785307180 -1.769040000000
3.915915307180 -1.768440000000
3.922055307180 -1.767720000000
3.928185307180 -1.766480000000
3.934315307180 -1.765640000000
3.940455307180 -1.764270000000
3.946585307180 -1.762770000000
3.952715307180 -1.761170000000
3.958845307180 -1.759530000000
3.964985307180 -1.757850000000
3.971115307180 -1.756180000000
3.977245307180 -1.754550000000
3.983385307180 -1.752980000000
3.989515307180 -1.751490000000
3.995645307180 -1.750080000000
4.001775307180 -1.748760000000
4.007915307180 -1.747570000000
4.014045307180 -1.746500000000
4.020175307180 -1.745580000000
4.026315307180 -1.744800000000
4.032445307180 -1.744100000000
4.038575307180 -1.743350000000
4.044705307180 -1.742410000000
4.050845307180 -1.741250000000
4.056975307180 -1.739920000000
4.063105307180 -1.738540000000
4.069235307180 -1.737230000000
4.075375307180 -1.736090000000
4.081505307180 -1.735120000000
4.087635307180 -1.734210000000
4.093775307180 -1.733170000000
4.099905307180 -1.732030000000
4.106035307180 -1.730950000000
4.112165307180 -1.729960000000
4.118305307180 -1.728950000000
4.124435307180 -1.727430000000
4.130565307180 -1.726950000000
4.136705307180 -1.725980000000
4.142835307180 -1.725030000000
4.148965307180 -1.724090000000
4.155095307180 -1.723170000000
4.161235307180 -1.722280000000
4.167365307180 -1.721400000000
4.173495307180 -1.720550000000
4.179635307180 -1.719730000000
4.185765307180 -1.718930000000
4.191895307180 -1.718160000000
4.198025307180 -1.717410000000
4.204165307180 -1.716700000000
4.210295307180 -1.716010000000
4.216425307180 -1.715340000000
4.222565307180 -1.714700000000
4.228695307180 -1.714090000000
4.234825307180 -1.713500000000
4.240955307180 -1.712930000000
4.247095307180 -1.712380000000
4.253225307180 -1.711850000000
4.259355307180 -1.711350000000
4.265485307180 -1.710840000000
4.271625307180 -1.710390000000
4.277755307180 -1.709960000000
4.283885307180 -1.709490000000
4.290025307180 -1.709010000000
4.296155307180 -1.708640000000
4.302285307180 -1.708380000000
4.308415307180 -1.708130000000
4.314555307180 -1.707780000000
4.320685307180 -1.706990000000
4.326815307180 -1.706740000000
4.332955307180 -1.706220000000
4.339085307180 -1.705850000000
4.345215307180 -1.705650000000
4.351345307180 -1.705600000000
4.357485307180 -1.705660000000
4.363615307180 -1.705800000000
4.369745307180 -1.705960000000
4.375885307180 -1.706090000000
4.382015307180 -1.706140000000
4.388145307180 -1.706060000000
4.394275307180 -1.705820000000
4.400415307180 -1.705380000000
4.406545307180 -1.704780000000
4.412675307180 -1.704060000000
4.418805307180 -1.703290000000
4.424945307180 -1.702520000000
4.431075307180 -1.701810000000
4.437205307180 -1.701180000000
4.443345307180 -1.700670000000
4.449475307180 -1.700280000000
4.455605307180 -1.699980000000
4.461735307180 -1.699750000000
4.467875307180 -1.699600000000
4.474005307180 -1.699520000000
4.480135307180 -1.699530000000
4.486275307180 -1.699620000000
4.492405307180 -1.699790000000
4.498535307180 -1.700020000000
4.504665307180 -1.700320000000
4.510805307180 -1.700680000000
4.516935307180 -1.701010000000
4.523065307180 -1.701550000000
4.529205307180 -1.702040000000
4.535335307180 -1.702570000000
4.541465307180 -1.703160000000
4.547595307180 -1.703800000000
4.553735307180 -1.704500000000
4.559865307180 -1.705250000000
4.565995307180 -1.706060000000
4.572135307180 -1.706920000000
4.578265307180 -1.707800000000
4.584395307180 -1.708720000000
4.590525307180 -1.709660000000
4.596665307180 -1.710610000000
4.602795307180 -1.711570000000
4.608925307180 -1.712540000000
4.615055307180 -1.713510000000
4.621195307180 -1.714470000000
4.627325307180 -1.715420000000
4.633455307180 -1.716360000000
4.639595307180 -1.717290000000
4.645725307180 -1.718200000000
4.651855307180 -1.719080000000
4.657985307180 -1.719940000000
4.664125307180 -1.720760000000
4.670255307180 -1.721550000000
4.676385307180 -1.722300000000
4.682525307180 -1.722990000000
4.688655307180 -1.723630000000
4.694785307180 -1.724180000000
4.700915307180 -1.724630000000
4.707055307180 -1.724940000000
4.713185307180 -1.724740000000
4.719315307180 -1.724850000000
4.725455307180 -1.724440000000
4.731585307180 -1.723880000000
4.737715307180 -1.723200000000
4.743845307180 -1.722440000000
4.749985307180 -1.721600000000
4.756115307180 -1.720700000000
4.762245307180 -1.719740000000
4.768385307180 -1.718730000000
4.774515307180 -1.717660000000
4.780645307180 -1.716560000000
4.786775307180 -1.715410000000
4.792915307180 -1.714230000000
4.799045307180 -1.713000000000
4.805175307180 -1.711750000000
4.811305307180 -1.710470000000
4.817445307180 -1.709160000000
4.823575307180 -1.707840000000
4.829705307180 -1.706490000000
4.835845307180 -1.705140000000
4.841975307180 -1.703780000000
4.848105307180 -1.702420000000
4.854235307180 -1.701070000000
4.860375307180 -1.699730000000
4.866505307180 -1.698410000000
4.872635307180 -1.697100000000
4.878775307180 -1.695820000000
4.884905307180 -1.694560000000
4.891035307180 -1.693350000000
4.897165307180 -1.692180000000
4.903305307180 -1.691070000000
4.909435307180 -1.689910000000
4.915565307180 -1.689050000000
4.921705307180 -1.688160000000
4.927835307180 -1.687320000000
4.933965307180 -1.686510000000
4.940095307180 -1.685670000000
4.946235307180 -1.684770000000
4.952365307180 -1.683790000000
4.958495307180 -1.682750000000
4.964635307180 -1.681710000000
4.970765307180 -1.680700000000
4.976895307180 -1.679740000000
4.983025307180 -1.678820000000
4.989165307180 -1.677900000000
4.995295307180 -1.677020000000
5.001425307180 -1.676160000000
5.007555307180 -1.675330000000
5.013695307180 -1.674550000000
5.019825307180 -1.673810000000
5.025955307180 -1.673110000000
5.032095307180 -1.672470000000
5.038225307180 -1.671880000000
5.044355307180 -1.671330000000
5.050485307180 -1.670840000000
5.056625307180 -1.670400000000
5.062755307180 -1.670000000000
5.068885307180 -1.669650000000
5.075025307180 -1.669330000000
5.081155307180 -1.669070000000
5.087285307180 -1.668870000000
5.093415307180 -1.668700000000
5.099555307180 -1.668490000000
5.105685307180 -1.667980000000
5.111815307180 -1.667900000000
5.117955307180 -1.667620000000
5.124085307180 -1.667450000000
5.130215307180 -1.667420000000
5.136345307180 -1.667540000000
5.142485307180 -1.667790000000
5.148615307180 -1.668160000000
5.154745307180 -1.668640000000
5.160885307180 -1.669210000000
5.167015307180 -1.669860000000
5.173145307180 -1.670580000000
5.179275307180 -1.671350000000
5.185415307180 -1.672140000000
5.191545307180 -1.672930000000
5.197675307180 -1.673720000000
5.203815307180 -1.674480000000
5.209945307180 -1.675190000000
5.216075307180 -1.675830000000
5.222205307180 -1.676370000000
5.228345307180 -1.676770000000
5.234475307180 -1.676970000000
5.240605307180 -1.676900000000
5.246735307180 -1.676560000000
5.252875307180 -1.676020000000
5.259005307180 -1.675330000000
5.265135307180 -1.674500000000
5.271275307180 -1.673570000000
5.277405307180 -1.672550000000
5.283537307180 -1.671460000000
5.289669307180 -1.670300000000
5.295802307180 -1.669100000000
5.301935307180 -1.667800000000
5.308068307180 -1.666630000000
5.314201307180 -1.665390000000
5.320333307180 -1.664190000000
5.326466307180 -1.663030000000
5.332599307180 -1.661950000000
5.338732307180 -1.660940000000
5.344865307180 -1.659980000000
5.350997307180 -1.659060000000
5.357130307180 -1.658160000000
5.363263307180 -1.657290000000
5.369396307180 -1.656460000000
5.375529307180 -1.655700000000
5.381662307180 -1.655000000000
5.387794307180 -1.654380000000
5.393927307180 -1.653850000000
5.400060307180 -1.653410000000
5.406193307180 -1.653050000000
5.412326307180 -1.652780000000
5.418458307180 -1.652590000000
5.424591307180 -1.652450000000
5.430724307180 -1.652380000000
5.436857307180 -1.652440000000
5.442990307180 -1.652650000000
5.449122307180 -1.653010000000
5.455255307180 -1.653510000000
5.461388307180 -1.654110000000
5.467521307180 -1.654760000000
5.473654307180 -1.655420000000
5.479787307180 -1.656050000000
5.485919307180 -1.656590000000
5.492052307180 -1.656970000000
5.498185307180 -1.656860000000
5.504318307180 -1.657020000000
5.510451307180 -1.656640000000
5.516583307180 -1.656030000000
5.522716307180 -1.655250000000
5.528849307180 -1.654340000000
5.534982307180 -1.653310000000
5.541115307180 -1.652220000000
5.547247307180 -1.651120000000
5.553380307180 -1.650030000000
5.559513307180 -1.649010000000
5.565646307180 -1.648050000000
5.571779307180 -1.647170000000
5.577912307180 -1.646370000000
5.584044307180 -1.645680000000
5.590177307180 -1.645110000000
5.596310307180 -1.644680000000
5.602443307180 -1.644400000000
5.608576307180 -1.644260000000
5.614708307180 -1.644280000000
5.620841307180 -1.644470000000
5.626974307180 -1.644830000000
5.633107307180 -1.645300000000
5.639240307180 -1.645820000000
5.645372307180 -1.646290000000
5.651505307180 -1.646630000000
5.657638307180 -1.646730000000
5.663771307180 -1.646550000000
5.669904307180 -1.646100000000
5.676037307180 -1.645430000000
5.682169307180 -1.644600000000
5.688302307180 -1.643670000000
5.694435307180 -1.642470000000
5.700568307180 -1.641830000000
5.706701307180 -1.641020000000
5.712833307180 -1.640350000000
5.718966307180 -1.639840000000
5.725099307180 -1.639530000000
5.731232307180 -1.639420000000
5.737365307180 -1.639530000000
5.743498307180 -1.639800000000
5.749630307180 -1.640160000000
5.755763307180 -1.640470000000
5.761896307180 -1.640600000000
5.768029307180 -1.640470000000
5.774162307180 -1.640070000000
5.780294307180 -1.639440000000
5.786427307180 -1.638690000000
5.792560307180 -1.637920000000
5.798693307180 -1.637220000000
5.804826307180 -1.636680000000
5.810958307180 -1.636360000000
5.817091307180 -1.636280000000
5.823224307180 -1.636390000000
5.829357307180 -1.636600000000
5.835490307180 -1.636730000000
5.841622307180 -1.636660000000
5.847755307180 -1.636320000000
5.853888307180 -1.635780000000
5.860021307180 -1.635170000000
5.866154307180 -1.634610000000
5.872287307180 -1.634220000000
5.878419307180 -1.634070000000
5.884552307180 -1.634100000000
5.890685307180 -1.633760000000
5.896818307180 -1.634110000000
5.902951307180 -1.633820000000
5.909083307180 -1.633370000000
5.915216307180 -1.632900000000
5.921349307180 -1.632570000000
5.927482307180 -1.632430000000
5.933615307180 -1.632420000000
5.939747307180 -1.632340000000
5.945880307180 -1.632090000000
5.952013307180 -1.631720000000
5.958146307180 -1.631380000000
5.964279307180 -1.631200000000
5.970412307180 -1.631130000000
5.976544307180 -1.630990000000
5.982677307180 -1.630710000000
5.988810307180 -1.630420000000
5.994943307180 -1.630240000000
6.001076307180 -1.630130000000
6.007208307180 -1.629940000000
6.013341307180 -1.629690000000
6.019474307180 -1.629500000000
6.025607307180 -1.629370000000
6.031740307180 -1.629180000000
6.037872307180 -1.628970000000
6.044005307180 -1.628820000000
6.050138307180 -1.628650000000
6.056271307180 -1.628470000000
6.062404307180 -1.628320000000
6.068537307180 -1.628150000000
6.074669307180 -1.627990000000
6.080802307180 -1.627840000000
6.086935307180 -1.627130000000
6.093068307180 -1.627540000000
6.099201307180 -1.627390000000
6.105333307180 -1.627250000000
6.111466307180 -1.627110000000
6.117599307180 -1.626980000000
6.123732307180 -1.626850000000
6.129865307180 -1.626720000000
6.135998307180 -1.626600000000
6.142130307180 -1.626480000000
6.148263307180 -1.626370000000
6.154396307180 -1.626260000000
6.160529307180 -1.626150000000
6.166662307180 -1.626050000000
6.172794307180 -1.625950000000
6.178927307180 -1.625860000000
6.185060307180 -1.625770000000
6.191193107180 -1.625680000000
6.197325907180 -1.625600000000
6.203458707180 -1.625530000000
6.209591607180 -1.625460000000
6.215724407180 -1.625390000000
6.221857207180 -1.625330000000
6.227990007180 -1.625280000000
6.234122807180 -1.625230000000
6.240255607180 -1.625190000000
6.246388407180 -1.625150000000
6.252521207180 -1.625120000000
6.258654007180 -1.625090000000
6.264786907180 -1.625070000000
6.270919707180 -1.625050000000
6.277052497180 -1.625040000000
6.283185307180 -1.624070000000
