0.000000000000 -2.066410000000
0.006132810000 -2.066810000000
0.012265600000 -2.066810000000
0.018398400000 -2.066810000000
0.024531300000 -2.066810000000
0.030664100000 -2.066810000000
0.036796900000 -2.066810000000
0.042929700000 -2.066810000000
0.049062500000 -2.066820000000
0.055195300000 -2.066820000000
0.061328100000 -2.066820000000
0.067460900000 -2.066820000000
0.073593700000 -2.066820000000
0.079726600000 -2.066820000000
0.085859400000 -2.066830000000
0.091992200000 -2.066830000000
0.098125000000 -2.066830000000
0.104258000000 -2.066830000000
0.110391000000 -2.066840000000
0.116523000000 -2.066850000000
0.122656000000 -2.066830000000
0.128789000000 -2.066860000000
0.134922000000 -2.066830000000
0.141055000000 -2.066870000000
0.147187000000 -2.066810000000
0.153320000000 -2.066940000000
0.159453000000 -2.066780000000
0.165586000000 -2.066880000000
0.171719000000 -2.067000000000
0.177852000000 -2.066730000000
0.183984000000 -2.066800000000
0.190117000000 -2.067130000000
0.196250000000 -2.066970000000
0.202383000000 -2.066570000000
0.208516000000 -2.066690000000
0.214648000000 -2.067220000000
0.220781000000 -2.067380000000
0.226914000000 -2.066910000000
0.233047000000 -2.066330000000
0.239180000000 -2.066340000000
0.245313000000 -2.066990000000
0.251445000000 -2.067670000000
0.257578000000 -2.067830000000
0.263711000000 -2.067350000000
0.269844000000 -2.066480000000
0.275977000000 -2.065780000000
0.282109000000 -2.065750000000
0.288242000000 -2.066450000000
0.294375000000 -2.067450000000
0.300508000000 -2.068280000000
0.306641000000 -2.068660000000
0.312773000000 -2.068490000000
0.318906000000 -2.067800000000
0.325039000000 -2.066740000000
0.331172000000 -2.065590000000
0.337305000000 -2.064750000000
0.343438000000 -2.064560000000
0.349570000000 -2.065100000000
0.355703000000 -2.066160000000
0.361836000000 -2.067410000000
0.367969000000 -2.068560000000
0.374102000000 -2.069440000000
0.380234000000 -2.069990000000
0.386367000000 -2.070160000000
0.392500000000 -2.069970000000
0.398633000000 -2.069410000000
0.404766000000 -2.068520000000
0.410898000000 -2.067330000000
0.417031000000 -2.065950000000
0.423164000000 -2.064510000000
0.429297000000 -2.063250000000
0.435430000000 -2.062400000000
0.441563000000 -2.062140000000
0.447695000000 -2.062520000000
0.453828000000 -2.063450000000
0.459961000000 -2.064730000000
0.466094000000 -2.066180000000
0.472227000000 -2.067630000000
0.478359000000 -2.068960000000
0.484492000000 -2.070120000000
0.490625000000 -2.071090000000
0.496758000000 -2.071870000000
0.502891000000 -2.072440000000
0.509023000000 -2.072830000000
0.515156000000 -2.073030000000
0.521289000000 -2.073050000000
0.527422000000 -2.072900000000
0.533555000000 -2.072570000000
0.539687000000 -2.072060000000
0.545820000000 -2.071370000000
0.551953000000 -2.070500000000
0.558086000000 -2.069460000000
0.564219000000 -2.068230000000
0.570352000000 -2.066830000000
0.576484000000 -2.065290000000
0.582617000000 -2.063650000000
0.588750000000 -2.061950000000
0.594883000000 -2.060300000000
0.601016000000 -2.058790000000
0.607148000000 -2.057540000000
0.613281000000 -2.056670000000
0.619414000000 -2.056240000000
0.625547000000 -2.056300000000
0.631680000000 -2.056840000000
0.637813000000 -2.057770000000
0.643945000000 -2.059020000000
0.650078000000 -2.060490000000
0.656211000000 -2.062070000000
0.662344000000 -2.063690000000
0.668477000000 -2.065300000000
0.674609000000 -2.066850000000
0.680742000000 -2.068330000000
0.686875000000 -2.069710000000
0.693008000000 -2.071000000000
0.699141000000 -2.072190000000
0.705273000000 -2.073290000000
0.711406000000 -2.074290000000
0.717539000000 -2.075210000000
0.723672000000 -2.076040000000
0.729805000000 -2.076790000000
0.735938000000 -2.077460000000
0.742070000000 -2.078070000000
0.748203000000 -2.078600000000
0.754336000000 -2.079070000000
0.760469000000 -2.079470000000
0.766602000000 -2.079800000000
0.772734000000 -2.080070000000
0.778867000000 -2.080290000000
0.785000000000 -2.080440000000
0.791133000000 -2.080530000000
0.797266000000 -2.080560000000
0.803398000000 -2.080540000000
0.809531000000 -2.080450000000
0.815664000000 -2.080310000000
0.821797000000 -2.080110000000
0.827930000000 -2.079860000000
0.834063000000 -2.079540000000
0.840195000000 -2.079170000000
0.846328000000 -2.078740000000
0.852461000000 -2.078260000000
0.858594000000 -2.077710000000
0.864727000000 -2.077100000000
0.870859000000 -2.076440000000
0.876992000000 -2.075710000000
0.883125000000 -2.074920000000
0.889258000000 -2.074070000000
0.895391000000 -2.073150000000
0.901523000000 -2.072170000000
0.907656000000 -2.071110000000
0.913789000000 -2.069990000000
0.919922000000 -2.068800000000
0.926055000000 -2.067540000000
0.932188000000 -2.066200000000
0.938320000000 -2.064790000000
0.944453000000 -2.063300000000
0.950586000000 -2.061740000000
0.956719000000 -2.060120000000
0.962852000000 -2.058420000000
0.968984000000 -2.056680000000
0.975117000000 -2.054880000000
0.981250000000 -2.053050000000
0.987383000000 -2.051210000000
0.993516000000 -2.049380000000
0.999648000000 -2.047580000000
1.005780000000 -2.045840000000
1.011910000000 -2.044200000000
1.018050000000 -2.042670000000
1.024180000000 -2.041300000000
1.030310000000 -2.040100000000
1.036450000000 -2.039090000000
1.042580000000 -2.038300000000
1.048710000000 -2.037730000000
1.054840000000 -2.037380000000
1.060980000000 -2.037260000000
1.067110000000 -2.037360000000
1.073240000000 -2.037670000000
1.079370000000 -2.038170000000
1.085510000000 -2.038840000000
1.091640000000 -2.039660000000
1.097770000000 -2.040630000000
1.103910000000 -2.041710000000
1.110040000000 -2.042890000000
1.116170000000 -2.044150000000
1.122300000000 -2.045480000000
1.128440000000 -2.046870000000
1.134570000000 -2.048310000000
1.140700000000 -2.049780000000
1.146840000000 -2.051270000000
1.152970000000 -2.052780000000
1.159100000000 -2.054290000000
1.165230000000 -2.055810000000
1.171370000000 -2.057310000000
1.177500000000 -2.058810000000
1.183630000000 -2.060290000000
1.189770000000 -2.061750000000
1.195900000000 -2.063200000000
1.202030000000 -2.064620000000
1.208160000000 -2.066010000000
1.214300000000 -2.067390000000
1.220430000000 -2.068740000000
1.226560000000 -2.070070000000
1.232700000000 -2.071370000000
1.238830000000 -2.072660000000
1.244960000000 -2.073920000000
1.251090000000 -2.075150000000
1.257230000000 -2.076370000000
1.263360000000 -2.077570000000
1.269490000000 -2.078750000000
1.275630000000 -2.079900000000
1.281760000000 -2.081040000000
1.287890000000 -2.082160000000
1.294020000000 -2.083270000000
1.300160000000 -2.084350000000
1.306290000000 -2.085420000000
1.312420000000 -2.086470000000
1.318550000000 -2.087500000000
1.324690000000 -2.088520000000
1.330820000000 -2.089520000000
1.336950000000 -2.090510000000
1.343090000000 -2.091480000000
1.349220000000 -2.092440000000
1.355350000000 -2.093380000000
1.361480000000 -2.094310000000
1.367620000000 -2.095220000000
1.373750000000 -2.096120000000
1.379880000000 -2.097010000000
1.386020000000 -2.097880000000
1.392150000000 -2.098740000000
1.398280000000 -2.099590000000
1.404410000000 -2.100420000000
1.410550000000 -2.101250000000
1.416680000000 -2.102050000000
1.422810000000 -2.102850000000
1.428950000000 -2.103640000000
1.435080000000 -2.104410000000
1.441210000000 -2.105170000000
1.447340000000 -2.105910000000
1.453480000000 -2.106650000000
1.459610000000 -2.107370000000
1.465740000000 -2.108090000000
1.471880000000 -2.108790000000
1.478010000000 -2.109480000000
1.484140000000 -2.110150000000
1.490270000000 -2.110820000000
1.496410000000 -2.111480000000
1.502540000000 -2.112120000000
1.508670000000 -2.112750000000
1.514800000000 -2.113370000000
1.520940000000 -2.113980000000
1.527070000000 -2.114580000000
1.533200000000 -2.115160000000
1.539340000000 -2.115740000000
1.545470000000 -2.116300000000
1.551600000000 -2.116860000000
1.557730000000 -2.117400000000
1.563870000000 -2.117930000000
1.570000000000 -2.118450000000
1.576130000000 -2.118960000000
1.582270000000 -2.119460000000
1.588400000000 -2.119950000000
1.594530000000 -2.120420000000
1.600660000000 -2.120890000000
1.606800000000 -2.121350000000
1.612930000000 -2.121790000000
1.619060000000 -2.122220000000
1.625200000000 -2.122650000000
1.631330000000 -2.123060000000
1.637460000000 -2.123460000000
1.643590000000 -2.123850000000
1.649730000000 -2.124230000000
1.655860000000 -2.124610000000
1.661990000000 -2.124970000000
1.668130000000 -2.125320000000
1.674260000000 -2.125660000000
1.680390000000 -2.125990000000
1.686520000000 -2.126310000000
1.692660000000 -2.126610000000
1.698790000000 -2.126910000000
1.704920000000 -2.127200000000
1.711050000000 -2.127480000000
1.717190000000 -2.127750000000
1.723320000000 -2.128010000000
1.729450000000 -2.128260000000
1.735590000000 -2.128500000000
1.741720000000 -2.128730000000
1.747850000000 -2.128960000000
1.753980000000 -2.129170000000
1.760120000000 -2.129370000000
1.766250000000 -2.129560000000
1.772380000000 -2.129740000000
1.778520000000 -2.129920000000
1.784650000000 -2.130080000000
1.790780000000 -2.130230000000
1.796910000000 -2.130380000000
1.803050000000 -2.130510000000
1.809180000000 -2.130640000000
1.815310000000 -2.130760000000
1.821450000000 -2.130860000000
1.827580000000 -2.130960000000
1.833710000000 -2.131050000000
1.839840000000 -2.131130000000
1.845980000000 -2.131200000000
1.852110000000 -2.131260000000
1.858240000000 -2.131310000000
1.864380000000 -2.131350000000
1.870510000000 -2.131380000000
1.876640000000 -2.131400000000
1.882770000000 -2.131410000000
1.888910000000 -2.131420000000
1.895040000000 -2.131410000000
1.901170000000 -2.131390000000
1.907300000000 -2.131370000000
1.913440000000 -2.131330000000
1.919570000000 -2.131280000000
1.925700000000 -2.131230000000
1.931840000000 -2.131160000000
1.937970000000 -2.131090000000
1.944100000000 -2.131000000000
1.950230000000 -2.130900000000
1.956370000000 -2.130800000000
1.962500000000 -2.130680000000
1.968630000000 -2.130550000000
1.974770000000 -2.130410000000
1.980900000000 -2.130260000000
1.987030000000 -2.130100000000
1.993160000000 -2.129930000000
1.999300000000 -2.129750000000
2.005430000000 -2.129550000000
2.011560000000 -2.129350000000
2.017700000000 -2.129130000000
2.023830000000 -2.128900000000
2.029960000000 -2.128660000000
2.036090000000 -2.128410000000
2.042230000000 -2.128150000000
2.048360000000 -2.127870000000
2.054490000000 -2.127590000000
2.060620000000 -2.127280000000
2.066760000000 -2.126970000000
2.072890000000 -2.126650000000
2.079020000000 -2.126310000000
2.085160000000 -2.125960000000
2.091290000000 -2.125590000000
2.097420000000 -2.125210000000
2.103550000000 -2.124820000000
2.109690000000 -2.124420000000
2.115820000000 -2.124010000000
2.121950000000 -2.123580000000
2.128090000000 -2.123140000000
2.134220000000 -2.122680000000
2.140350000000 -2.122220000000
2.146480000000 -2.121740000000
2.152620000000 -2.121250000000
2.158750000000 -2.120750000000
2.164880000000 -2.120230000000
2.171020000000 -2.119700000000
2.177150000000 -2.119170000000
2.183280000000 -2.118620000000
2.189410000000 -2.118050000000
2.195550000000 -2.117480000000
2.201680000000 -2.116900000000
2.207810000000 -2.116300000000
2.213950000000 -2.115700000000
2.220080000000 -2.115080000000
2.226210000000 -2.114460000000
2.232340000000 -2.113820000000
2.238480000000 -2.113180000000
2.244610000000 -2.112520000000
2.250740000000 -2.111860000000
2.256870000000 -2.111180000000
2.263010000000 -2.110500000000
2.269140000000 -2.109810000000
2.275270000000 -2.109110000000
2.281410000000 -2.108400000000
2.287540000000 -2.107680000000
2.293670000000 -2.106950000000
2.299800000000 -2.106210000000
2.305940000000 -2.105470000000
2.312070000000 -2.104720000000
2.318200000000 -2.103960000000
2.324340000000 -2.103190000000
2.330470000000 -2.102410000000
2.336600000000 -2.101630000000
2.342730000000 -2.100830000000
2.348870000000 -2.100030000000
2.355000000000 -2.099230000000
2.361130000000 -2.098410000000
2.367270000000 -2.097590000000
2.373400000000 -2.096760000000
2.379530000000 -2.095920000000
2.385660000000 -2.095080000000
2.391800000000 -2.094220000000
2.397930000000 -2.093370000000
2.404060000000 -2.092500000000
2.410200000000 -2.091620000000
2.416330000000 -2.090740000000
2.422460000000 -2.089850000000
2.428590000000 -2.088960000000
2.434730000000 -2.088050000000
2.440860000000 -2.087140000000
2.446990000000 -2.086220000000
2.453120000000 -2.085300000000
2.459260000000 -2.084360000000
2.465390000000 -2.083420000000
2.471520000000 -2.082470000000
2.477660000000 -2.081510000000
2.483790000000 -2.080550000000
2.489920000000 -2.079570000000
2.496050000000 -2.078590000000
2.502190000000 -2.077600000000
2.508320000000 -2.076600000000
2.514450000000 -2.075590000000
2.520590000000 -2.074580000000
2.526720000000 -2.073550000000
2.532850000000 -2.072520000000
2.538980000000 -2.071480000000
2.545120000000 -2.070420000000
2.551250000000 -2.069360000000
2.557380000000 -2.068290000000
2.563520000000 -2.067210000000
2.569650000000 -2.066120000000
2.575780000000 -2.065020000000
2.581910000000 -2.063910000000
2.588050000000 -2.062790000000
2.594180000000 -2.061660000000
2.600310000000 -2.060510000000
2.606450000000 -2.059360000000
2.612580000000 -2.058190000000
2.618710000000 -2.057010000000
2.624840000000 -2.055820000000
2.630980000000 -2.054620000000
2.637110000000 -2.053400000000
2.643240000000 -2.052170000000
2.649380000000 -2.050920000000
2.655510000000 -2.049660000000
2.661640000000 -2.048390000000
2.667770000000 -2.047100000000
2.673910000000 -2.045800000000
2.680040000000 -2.044480000000
2.686170000000 -2.043150000000
2.692300000000 -2.041800000000
2.698440000000 -2.040440000000
2.704570000000 -2.039070000000
2.710700000000 -2.037690000000
2.716840000000 -2.036300000000
2.722970000000 -2.034910000000
2.729100000000 -2.033520000000
2.735230000000 -2.032140000000
2.741370000000 -2.030770000000
2.747500000000 -2.029430000000
2.753630000000 -2.028120000000
2.759770000000 -2.026860000000
2.765900000000 -2.025670000000
2.772030000000 -2.024570000000
2.778160000000 -2.023560000000
2.784300000000 -2.022690000000
2.790430000000 -2.021950000000
2.796560000000 -2.021380000000
2.802700000000 -2.020970000000
2.808830000000 -2.020750000000
2.814960000000 -2.020700000000
2.821090000000 -2.020820000000
2.827230000000 -2.021090000000
2.833360000000 -2.021470000000
2.839490000000 -2.021960000000
2.845630000000 -2.022500000000
2.851760000000 -2.023070000000
2.857890000000 -2.023640000000
2.864020000000 -2.024180000000
2.870160000000 -2.024660000000
2.876290000000 -2.025080000000
2.882420000000 -2.025410000000
2.888550000000 -2.025650000000
2.894690000000 -2.025770000000
2.900820000000 -2.025770000000
2.906950000000 -2.025650000000
2.913090000000 -2.025400000000
2.919220000000 -2.025020000000
2.925350000000 -2.024520000000
2.931480000000 -2.023900000000
2.937620000000 -2.023170000000
2.943750000000 -2.022380000000
2.949880000000 -2.021570000000
2.956020000000 -2.020800000000
2.962150000000 -2.020150000000
2.968280000000 -2.019690000000
2.974410000000 -2.019460000000
2.980550000000 -2.019450000000
2.986680000000 -2.019600000000
2.992810000000 -2.019800000000
2.998950000000 -2.019920000000
3.005080000000 -2.019900000000
3.011210000000 -2.019690000000
3.017340000000 -2.019350000000
3.023480000000 -2.019020000000
3.029610000000 -2.018810000000
3.035740000000 -2.018750000000
3.041880000000 -2.018720000000
3.048010000000 -2.018620000000
3.054140000000 -2.018460000000
3.060270000000 -2.018360000000
3.066410000000 -2.018290000000
3.072540000000 -2.018190000000
3.078670000000 -2.018120000000
3.084800000000 -2.018050000000
3.090940000000 -2.017980000000
3.097070000000 -2.017930000000
3.103200000000 -2.017880000000
3.109340000000 -2.017840000000
3.115470000000 -2.017810000000
3.121600000000 -2.017780000000
3.127730000000 -2.017760000000
3.133870000000 -2.017750000000
3.140000000000 -2.017750000000
3.149315307180 -2.017750000000
3.155455307180 -2.017760000000
3.161585307180 -2.017780000000
3.167715307180 -2.017810000000
3.173845307180 -2.017840000000
3.179985307180 -2.017880000000
3.186115307180 -2.017930000000
3.192245307180 -2.017980000000
3.198385307180 -2.018050000000
3.204515307180 -2.018120000000
3.210645307180 -2.018190000000
3.216775307180 -2.018290000000
3.222915307180 -2.018360000000
3.229045307180 -2.018460000000
3.235175307180 -2.018620000000
3.241305307180 -2.018720000000
3.247445307180 -2.018750000000
3.253575307180 -2.018810000000
3.259705307180 -2.019020000000
3.265845307180 -2.019350000000
3.271975307180 -2.019690000000
3.278105307180 -2.019900000000
3.284235307180 -2.019920000000
3.290375307180 -2.019800000000
3.296505307180 -2.019600000000
3.302635307180 -2.019450000000
3.308775307180 -2.019460000000
3.314905307180 -2.019690000000
3.321035307180 -2.020150000000
3.327165307180 -2.020800000000
3.333305307180 -2.021570000000
3.339435307180 -2.022380000000
3.345565307180 -2.023170000000
3.351705307180 -2.023900000000
3.357835307180 -2.024520000000
3.363965307180 -2.025020000000
3.370095307180 -2.025400000000
3.376235307180 -2.025650000000
3.382365307180 -2.025770000000
3.388495307180 -2.025770000000
3.394635307180 -2.025650000000
3.400765307180 -2.025410000000
3.406895307180 -2.025080000000
3.413025307180 -2.024660000000
3.419165307180 -2.024180000000
3.425295307180 -2.023640000000
3.431425307180 -2.023070000000
3.437555307180 -2.022500000000
3.443695307180 -2.021960000000
3.449825307180 -2.021470000000
3.455955307180 -2.021090000000
3.462095307180 -2.020820000000
3.468225307180 -2.020700000000
3.474355307180 -2.020750000000
3.480485307180 -2.020970000000
3.486625307180 -2.021380000000
3.492755307180 -2.021950000000
3.498885307180 -2.022690000000
3.505025307180 -2.023560000000
3.511155307180 -2.024570000000
3.517285307180 -2.025670000000
3.523415307180 -2.026860000000
3.529555307180 -2.028120000000
3.535685307180 -2.029430000000
3.541815307180 -2.030770000000
3.547955307180 -2.032140000000
3.554085307180 -2.033520000000
3.560215307180 -2.034910000000
3.566345307180 -2.036300000000
3.572485307180 -2.037690000000
3.578615307180 -2.039070000000
3.584745307180 -2.040440000000
3.590885307180 -2.041800000000
3.597015307180 -2.043150000000
3.603145307180 -2.044480000000
3.609275307180 -2.045800000000
3.615415307180 -2.047100000000
3.621545307180 -2.048390000000
3.627675307180 -2.049660000000
3.633805307180 -2.050920000000
3.639945307180 -2.052170000000
3.646075307180 -2.053400000000
3.652205307180 -2.054620000000
3.658345307180 -2.055820000000
3.664475307180 -2.057010000000
3.670605307180 -2.058190000000
3.676735307180 -2.059360000000
3.682875307180 -2.060510000000
3.689005307180 -2.061660000000
3.695135307180 -2.062790000000
3.701275307180 -2.063910000000
3.707405307180 -2.065020000000
3.713535307180 -2.066120000000
3.719665307180 -2.067210000000
3.725805307180 -2.068290000000
3.731935307180 -2.069360000000
3.738065307180 -2.070420000000
3.744205307180 -2.071480000000
3.750335307180 -2.072520000000
3.756465307180 -2.073550000000
3.762595307180 -2.074580000000
3.768735307180 -2.075590000000
3.774865307180 -2.076600000000
3.780995307180 -2.077600000000
3.787135307180 -2.078590000000
3.793265307180 -2.079570000000
3.799395307180 -2.080550000000
3.805525307180 -2.081510000000
3.811665307180 -2.082470000000
3.817795307180 -2.083420000000
3.823925307180 -2.084360000000
3.830065307180 -2.085300000000
3.836195307180 -2.086220000000
3.842325307180 -2.087140000000
3.848455307180 -2.088050000000
3.854595307180 -2.088960000000
3.860725307180 -2.089850000000
3.866855307180 -2.090740000000
3.872985307180 -2.091620000000
3.879125307180 -2.092500000000
3.885255307180 -2.093370000000
3.891385307180 -2.094220000000
3.897525307180 -2.095080000000
3.903655307180 -2.095920000000
3.909785307180 -2.096760000000
3.915915307180 -2.097590000000
3.922055307180 -2.098410000000
3.928185307180 -2.099230000000
3.934315307180 -2.100030000000
3.940455307180 -2.100830000000
3.946585307180 -2.101630000000
3.952715307180 -2.102410000000
3.958845307180 -2.103190000000
3.964985307180 -2.103960000000
3.971115307180 -2.104720000000
3.977245307180 -2.105470000000
3.983385307180 -2.106210000000
3.989515307180 -2.106950000000
3.995645307180 -2.107680000000
4.001775307180 -2.108400000000
4.007915307180 -2.109110000000
4.014045307180 -2.109810000000
4.020175307180 -2.110500000000
4.026315307180 -2.111180000000
4.032445307180 -2.111860000000
4.038575307180 -2.112520000000
4.044705307180 -2.113180000000
4.050845307180 -2.113820000000
4.056975307180 -2.114460000000
4.063105307180 -2.115080000000
4.069235307180 -2.115700000000
4.075375307180 -2.116300000000
4.081505307180 -2.116900000000
4.087635307180 -2.117480000000
4.093775307180 -2.118050000000
4.099905307180 -2.118620000000
4.106035307180 -2.119170000000
4.112165307180 -2.119700000000
4.118305307180 -2.120230000000
4.124435307180 -2.120750000000
4.130565307180 -2.121250000000
4.136705307180 -2.121740000000
4.142835307180 -2.122220000000
4.148965307180 -2.122680000000
4.155095307180 -2.123140000000
4.161235307180 -2.123580000000
4.167365307180 -2.124010000000
4.173495307180 -2.124420000000
4.179635307180 -2.124820000000
4.185765307180 -2.125210000000
4.191895307180 -2.125590000000
4.198025307180 -2.125960000000
4.204165307180 -2.126310000000
4.210295307180 -2.126650000000
4.216425307180 -2.126970000000
4.222565307180 -2.127280000000
4.228695307180 -2.127590000000
4.234825307180 -2.127870000000
4.240955307180 -2.128150000000
4.247095307180 -2.128410000000
4.253225307180 -2.128660000000
4.259355307180 -2.128900000000
4.265485307180 -2.129130000000
4.271625307180 -2.129350000000
4.277755307180 -2.129550000000
4.283885307180 -2.129750000000
4.290025307180 -2.129930000000
4.296155307180 -2.130100000000
4.302285307180 -2.130260000000
4.308415307180 -2.130410000000
4.314555307180 -2.130550000000
4.320685307180 -2.130680000000
4.326815307180 -2.130800000000
4.332955307180 -2.130900000000
4.339085307180 -2.131000000000
4.345215307180 -2.131090000000
4.351345307180 -2.131160000000
4.357485307180 -2.131230000000
4.363615307180 -2.131280000000
4.369745307180 -2.131330000000
4.375885307180 -2.131370000000
4.382015307180 -2.131390000000
4.388145307180 -2.131410000000
4.394275307180 -2.131420000000
4.400415307180 -2.131410000000
4.406545307180 -2.131400000000
4.412675307180 -2.131380000000
4.418805307180 -2.131350000000
4.424945307180 -2.131310000000
4.431075307180 -2.131260000000
4.437205307180 -2.131200000000
4.443345307180 -2.131130000000
4.449475307180 -2.131050000000
4.455605307180 -2.130960000000
4.461735307180 -2.130860000000
4.467875307180 -2.130760000000
4.474005307180 -2.130640000000
4.480135307180 -2.130510000000
4.486275307180 -2.130380000000
4.492405307180 -2.130230000000
4.498535307180 -2.130080000000
4.504665307180 -2.129920000000
4.510805307180 -2.129740000000
4.516935307180 -2.129560000000
4.523065307180 -2.129370000000
4.529205307180 -2.129170000000
4.535335307180 -2.128960000000
4.541465307180 -2.128730000000
4.547595307180 -2.128500000000
4.553735307180 -2.128260000000
4.559865307180 -2.128010000000
4.565995307180 -2.127750000000
4.572135307180 -2.127480000000
4.578265307180 -2.127200000000
4.584395307180 -2.126910000000
4.590525307180 -2.126610000000
4.596665307180 -2.126310000000
4.602795307180 -2.125990000000
4.608925307180 -2.125660000000
4.615055307180 -2.125320000000
4.621195307180 -2.124970000000
4.627325307180 -2.124610000000
4.633455307180 -2.124230000000
4.639595307180 -2.123850000000
4.645725307180 -2.123460000000
4.651855307180 -2.123060000000
4.657985307180 -2.122650000000
4.664125307180 -2.122220000000
4.670255307180 -2.121790000000
4.676385307180 -2.121350000000
4.682525307180 -2.120890000000
4.688655307180 -2.120420000000
4.694785307180 -2.119950000000
4.700915307180 -2.119460000000
4.707055307180 -2.118960000000
4.713185307180 -2.118450000000
4.719315307180 -2.117930000000
4.725455307180 -2.117400000000
4.731585307180 -2.116860000000
4.737715307180 -2.116300000000
4.743845307180 -2.115740000000
4.749985307180 -2.115160000000
4.756115307180 -2.114580000000
4.762245307180 -2.113980000000
4.768385307180 -2.113370000000
4.774515307180 -2.112750000000
4.780645307180 -2.112120000000
4.786775307180 -2.111480000000
4.792915307180 -2.110820000000
4.799045307180 -2.110150000000
4.805175307180 -2.109480000000
4.811305307180 -2.108790000000
4.817445307180 -2.108090000000
4.823575307180 -2.107370000000
4.829705307180 -2.106650000000
4.835845307180 -2.105910000000
4.841975307180 -2.105170000000
4.848105307180 -2.104410000000
4.854235307180 -2.103640000000
4.860375307180 -2.102850000000
4.866505307180 -2.102050000000
4.872635307180 -2.101250000000
4.878775307180 -2.100420000000
4.884905307180 -2.099590000000
4.891035307180 -2.098740000000
4.897165307180 -2.097880000000
4.903305307180 -2.097010000000
4.909435307180 -2.096120000000
4.915565307180 -2.095220000000
4.921705307180 -2.094310000000
4.927835307180 -2.093380000000
4.933965307180 -2.092440000000
4.940095307180 -2.091480000000
4.946235307180 -2.090510000000
4.952365307180 -2.089520000000
4.958495307180 -2.088520000000
4.964635307180 -2.087500000000
4.970765307180 -2.086470000000
4.976895307180 -2.085420000000
4.983025307180 -2.084350000000
4.989165307180 -2.083270000000
4.995295307180 -2.082160000000
5.001425307180 -2.081040000000
5.007555307180 -2.079900000000
5.013695307180 -2.078750000000
5.019825307180 -2.077570000000
5.025955307180 -2.076370000000
5.032095307180 -2.075150000000
5.038225307180 -2.073920000000
5.044355307180 -2.072660000000
5.050485307180 -2.071370000000
5.056625307180 -2.070070000000
5.062755307180 -2.068740000000
5.068885307180 -2.067390000000
5.075025307180 -2.066010000000
5.081155307180 -2.064620000000
5.087285307180 -2.063200000000
5.093415307180 -2.061750000000
5.099555307180 -2.060290000000
5.105685307180 -2.058810000000
5.111815307180 -2.057310000000
5.117955307180 -2.055810000000
5.124085307180 -2.054290000000
5.130215307180 -2.052780000000
5.136345307180 -2.051270000000
5.142485307180 -2.049780000000
5.148615307180 -2.048310000000
5.154745307180 -2.046870000000
5.160885307180 -2.045480000000
5.167015307180 -2.044150000000
5.173145307180 -2.042890000000
5.179275307180 -2.041710000000
5.185415307180 -2.040630000000
5.191545307180 -2.039660000000
5.197675307180 -2.038840000000
5.203815307180 -2.038170000000
5.209945307180 -2.037670000000
5.216075307180 -2.037360000000
5.222205307180 -2.037260000000
5.228345307180 -2.037380000000
5.234475307180 -2.037730000000
5.240605307180 -2.038300000000
5.246735307180 -2.039090000000
5.252875307180 -2.040100000000
5.259005307180 -2.041300000000
5.265135307180 -2.042670000000
5.271275307180 -2.044200000000
5.277405307180 -2.045840000000
5.283537307180 -2.047580000000
5.289669307180 -2.049380000000
5.295802307180 -2.051210000000
5.301935307180 -2.053050000000
5.308068307180 -2.054880000000
5.314201307180 -2.056680000000
5.320333307180 -2.058420000000
5.326466307180 -2.060120000000
5.332599307180 -2.061740000000
5.338732307180 -2.063300000000
5.344865307180 -2.064790000000
5.350997307180 -2.066200000000
5.357130307180 -2.067540000000
5.363263307180 -2.068800000000
5.369396307180 -2.069990000000
5.375529307180 -2.071110000000
5.381662307180 -2.072170000000
5.387794307180 -2.073150000000
5.393927307180 -2.074070000000
5.400060307180 -2.074920000000
5.406193307180 -2.075710000000
5.412326307180 -2.076440000000
5.418458307180 -2.077100000000
5.424591307180 -2.077710000000
5.430724307180 -2.078260000000
5.436857307180 -2.078740000000
5.442990307180 -2.079170000000
5.449122307180 -2.079540000000
5.455255307180 -2.079860000000
5.461388307180 -2.080110000000
5.467521307180 -2.080310000000
5.473654307180 -2.080450000000
5.479787307180 -2.080540000000
5.485919307180 -2.080560000000
5.492052307180 -2.080530000000
5.498185307180 -2.080440000000
5.504318307180 -2.080290000000
5.510451307180 -2.080070000000
5.516583307180 -2.079800000000
5.522716307180 -2.079470000000
5.528849307180 -2.079070000000
5.534982307180 -2.078600000000
5.541115307180 -2.078070000000
5.547247307180 -2.077460000000
5.553380307180 -2.076790000000
5.559513307180 -2.076040000000
5.565646307180 -2.075210000000
5.571779307180 -2.074290000000
5.577912307180 -2.073290000000
5.584044307180 -2.072190000000
5.590177307180 -2.071000000000
5.596310307180 -2.069710000000
5.602443307180 -2.068330000000
5.608576307180 -2.066850000000
5.614708307180 -2.065300000000
5.620841307180 -2.063690000000
5.626974307180 -2.062070000000
5.633107307180 -2.060490000000
5.639240307180 -2.059020000000
5.645372307180 -2.057770000000
5.651505307180 -2.056840000000
5.657638307180 -2.056300000000
5.663771307180 -2.056240000000
5.669904307180 -2.056670000000
5.676037307180 -2.057540000000
5.682169307180 -2.058790000000
5.688302307180 -2.060300000000
5.694435307180 -2.061950000000
5.700568307180 -2.063650000000
5.706701307180 -2.065290000000
5.712833307180 -2.066830000000
5.718966307180 -2.068230000000
5.725099307180 -2.069460000000
5.731232307180 -2.070500000000
5.737365307180 -2.071370000000
5.743498307180 -2.072060000000
5.749630307180 -2.072570000000
5.755763307180 -2.072900000000
5.761896307180 -2.073050000000
5.768029307180 -2.073030000000
5.774162307180 -2.072830000000
5.780294307180 -2.072440000000
5.786427307180 -2.071870000000
5.792560307180 -2.071090000000
5.798693307180 -2.070120000000
5.804826307180 -2.068960000000
5.810958307180 -2.067630000000
5.817091307180 -2.066180000000
5.823224307180 -2.064730000000
5.829357307180 -2.063450000000
5.835490307180 -2.062520000000
5.841622307180 -2.062140000000
5.847755307180 -2.062400000000
5.853888307180 -2.063250000000
5.860021307180 -2.064510000000
5.866154307180 -2.065950000000
5.872287307180 -2.067330000000
5.878419307180 -2.068520000000
5.884552307180 -2.069410000000
5.890685307180 -2.069970000000
5.896818307180 -2.070160000000
5.902951307180 -2.069990000000
5.909083307180 -2.069440000000
5.915216307180 -2.068560000000
5.921349307180 -2.067410000000
5.927482307180 -2.066160000000
5.933615307180 -2.065100000000
5.939747307180 -2.064560000000
5.945880307180 -2.064750000000
5.952013307180 -2.065590000000
5.958146307180 -2.066740000000
5.964279307180 -2.067800000000
5.970412307180 -2.068490000000
5.976544307180 -2.068660000000
5.982677307180 -2.068280000000
5.988810307180 -2.067450000000
5.994943307180 -2.066450000000
6.001076307180 -2.065750000000
6.007208307180 -2.065780000000
6.013341307180 -2.066480000000
6.019474307180 -2.067350000000
6.025607307180 -2.067830000000
6.031740307180 -2.067670000000
6.037872307180 -2.066990000000
6.044005307180 -2.066340000000
6.050138307180 -2.066330000000
6.056271307180 -2.066910000000
6.062404307180 -2.067380000000
6.068537307180 -2.067220000000
6.074669307180 -2.066690000000
6.080802307180 -2.066570000000
6.086935307180 -2.066970000000
6.093068307180 -2.067130000000
6.099201307180 -2.066800000000
6.105333307180 -2.066730000000
6.111466307180 -2.067000000000
6.117599307180 -2.066880000000
6.123732307180 -2.066780000000
6.129865307180 -2.066940000000
6.135998307180 -2.066810000000
6.142130307180 -2.066870000000
6.148263307180 -2.066830000000
6.154396307180 -2.066860000000
6.160529307180 -2.066830000000
6.166662307180 -2.066850000000
6.172794307180 -2.066840000000
6.178927307180 -2.066830000000
6.185060307180 -2.066830000000
6.191193107180 -2.066830000000
6.197325907180 -2.066830000000
6.203458707180 -2.066820000000
6.209591607180 -2.066820000000
6.215724407180 -2.066820000000
6.221857207180 -2.066820000000
6.227990007180 -2.066820000000
6.234122807180 -2.066820000000
6.240255607180 -2.066810000000
6.246388407180 -2.066810000000
6.252521207180 -2.066810000000
6.258654007180 -2.066810000000
6.264786907180 -2.066810000000
6.270919707180 -2.066810000000
6.277052497180 -2.066810000000
6.283185307180 -2.066410000000
