0.000000000000 -1.842660000000
0.006132810000 -1.842250000000
0.012265600000 -1.842260000000
0.018398400000 -1.842260000000
0.024531300000 -1.842260000000
0.030664100000 -1.842260000000
0.036796900000 -1.842270000000
0.042929700000 -1.842270000000
0.049062500000 -1.842280000000
0.055195300000 -1.842290000000
0.061328100000 -1.842290000000
0.067460900000 -1.842300000000
0.073593700000 -1.842310000000
0.079726600000 -1.842320000000
0.085859400000 -1.842330000000
0.091992200000 -1.842350000000
0.098125000000 -1.842360000000
0.104258000000 -1.842370000000
0.110391000000 -1.842380000000
0.116523000000 -1.842400000000
0.122656000000 -1.842420000000
0.128789000000 -1.842440000000
0.134922000000 -1.842440000000
0.141055000000 -1.842470000000
0.147187000000 -1.842500000000
0.153320000000 -1.842490000000
0.159453000000 -1.842550000000
0.165586000000 -1.842540000000
0.171719000000 -1.842550000000
0.177852000000 -1.842680000000
0.183984000000 -1.842510000000
0.190117000000 -1.842690000000
0.196250000000 -1.842800000000
0.202383000000 -1.842530000000
0.208516000000 -1.842650000000
0.214648000000 -1.843010000000
0.220781000000 -1.842870000000
0.226914000000 -1.842490000000
0.233047000000 -1.842650000000
0.239180000000 -1.843200000000
0.245313000000 -1.843350000000
0.251445000000 -1.842870000000
0.257578000000 -1.842380000000
0.263711000000 -1.842550000000
0.269844000000 -1.843290000000
0.275977000000 -1.843870000000
0.282109000000 -1.843820000000
0.288242000000 -1.843160000000
0.294375000000 -1.842370000000
0.300508000000 -1.842100000000
0.306641000000 -1.842630000000
0.312773000000 -1.843610000000
0.318906000000 -1.844490000000
0.325039000000 -1.844860000000
0.331172000000 -1.844610000000
0.337305000000 -1.843800000000
0.343438000000 -1.842730000000
0.349570000000 -1.841840000000
0.355703000000 -1.841600000000
0.361836000000 -1.842140000000
0.367969000000 -1.843250000000
0.374102000000 -1.844510000000
0.380234000000 -1.845580000000
0.386367000000 -1.846250000000
0.392500000000 -1.846450000000
0.398633000000 -1.846170000000
0.404766000000 -1.845420000000
0.410898000000 -1.844310000000
0.417031000000 -1.842990000000
0.423164000000 -1.841720000000
0.429297000000 -1.840830000000
0.435430000000 -1.840590000000
0.441563000000 -1.841080000000
0.447695000000 -1.842160000000
0.453828000000 -1.843580000000
0.459961000000 -1.845080000000
0.466094000000 -1.846450000000
0.472227000000 -1.847600000000
0.478359000000 -1.848470000000
0.484492000000 -1.849040000000
0.490625000000 -1.849300000000
0.496758000000 -1.849260000000
0.502891000000 -1.848920000000
0.509023000000 -1.848290000000
0.515156000000 -1.847370000000
0.521289000000 -1.846190000000
0.527422000000 -1.844800000000
0.533555000000 -1.843270000000
0.539687000000 -1.841720000000
0.545820000000 -1.840320000000
0.551953000000 -1.839250000000
0.558086000000 -1.838670000000
0.564219000000 -1.838690000000
0.570352000000 -1.839300000000
0.576484000000 -1.840400000000
0.582617000000 -1.841840000000
0.588750000000 -1.843470000000
0.594883000000 -1.845150000000
0.601016000000 -1.846790000000
0.607148000000 -1.848320000000
0.613281000000 -1.849710000000
0.619414000000 -1.850940000000
0.625547000000 -1.852010000000
0.631680000000 -1.852910000000
0.637813000000 -1.853650000000
0.643945000000 -1.854240000000
0.650078000000 -1.854690000000
0.656211000000 -1.854990000000
0.662344000000 -1.855150000000
0.668477000000 -1.855170000000
0.674609000000 -1.855050000000
0.680742000000 -1.854800000000
0.686875000000 -1.854410000000
0.693008000000 -1.853880000000
0.699141000000 -1.853210000000
0.705273000000 -1.852400000000
0.711406000000 -1.851440000000
0.717539000000 -1.850330000000
0.723672000000 -1.849080000000
0.729805000000 -1.847700000000
0.735938000000 -1.846190000000
0.742070000000 -1.844590000000
0.748203000000 -1.842930000000
0.754336000000 -1.841260000000
0.760469000000 -1.839660000000
0.766602000000 -1.838180000000
0.772734000000 -1.836920000000
0.778867000000 -1.835940000000
0.785000000000 -1.835300000000
0.791133000000 -1.835020000000
0.797266000000 -1.835130000000
0.803398000000 -1.835590000000
0.809531000000 -1.836390000000
0.815664000000 -1.837460000000
0.821797000000 -1.838760000000
0.827930000000 -1.840230000000
0.834063000000 -1.841820000000
0.840195000000 -1.843490000000
0.846328000000 -1.845200000000
0.852461000000 -1.846910000000
0.858594000000 -1.848610000000
0.864727000000 -1.850260000000
0.870859000000 -1.851870000000
0.876992000000 -1.853410000000
0.883125000000 -1.854890000000
0.889258000000 -1.856290000000
0.895391000000 -1.857630000000
0.901523000000 -1.858900000000
0.907656000000 -1.860100000000
0.913789000000 -1.861230000000
0.919922000000 -1.862290000000
0.926055000000 -1.863290000000
0.932188000000 -1.864230000000
0.938320000000 -1.865110000000
0.944453000000 -1.865930000000
0.950586000000 -1.866700000000
0.956719000000 -1.867400000000
0.962852000000 -1.868060000000
0.968984000000 -1.868660000000
0.975117000000 -1.869210000000
0.981250000000 -1.869700000000
0.987383000000 -1.870150000000
0.993516000000 -1.870550000000
0.999648000000 -1.870900000000
1.005780000000 -1.871200000000
1.011910000000 -1.871460000000
1.018050000000 -1.871660000000
1.024180000000 -1.871820000000
1.030310000000 -1.871930000000
1.036450000000 -1.872000000000
1.042580000000 -1.872020000000
1.048710000000 -1.871990000000
1.054840000000 -1.871920000000
1.060980000000 -1.871800000000
1.067110000000 -1.871630000000
1.073240000000 -1.871410000000
1.079370000000 -1.871160000000
1.085510000000 -1.870850000000
1.091640000000 -1.870500000000
1.097770000000 -1.870100000000
1.103910000000 -1.869660000000
1.110040000000 -1.869160000000
1.116170000000 -1.868630000000
1.122300000000 -1.868040000000
1.128440000000 -1.867410000000
1.134570000000 -1.866730000000
1.140700000000 -1.866000000000
1.146840000000 -1.865220000000
1.152970000000 -1.864390000000
1.159100000000 -1.863500000000
1.165230000000 -1.862570000000
1.171370000000 -1.861570000000
1.177500000000 -1.860520000000
1.183630000000 -1.859410000000
1.189770000000 -1.858250000000
1.195900000000 -1.857040000000
1.202030000000 -1.855780000000
1.208160000000 -1.854480000000
1.214300000000 -1.853160000000
1.220430000000 -1.851830000000
1.226560000000 -1.850520000000
1.232700000000 -1.849240000000
1.238830000000 -1.848010000000
1.244960000000 -1.846830000000
1.251090000000 -1.845710000000
1.257230000000 -1.844660000000
1.263360000000 -1.843670000000
1.269490000000 -1.842760000000
1.275630000000 -1.841920000000
1.281760000000 -1.841170000000
1.287890000000 -1.840500000000
1.294020000000 -1.839920000000
1.300160000000 -1.839440000000
1.306290000000 -1.839060000000
1.312420000000 -1.838780000000
1.318550000000 -1.838590000000
1.324690000000 -1.838500000000
1.330820000000 -1.838500000000
1.336950000000 -1.838590000000
1.343090000000 -1.838750000000
1.349220000000 -1.838990000000
1.355350000000 -1.839310000000
1.361480000000 -1.839690000000
1.367620000000 -1.840130000000
1.373750000000 -1.840640000000
1.379880000000 -1.841130000000
1.386020000000 -1.841660000000
1.392150000000 -1.842180000000
1.398280000000 -1.842710000000
1.404410000000 -1.843230000000
1.410550000000 -1.843770000000
1.416680000000 -1.844330000000
1.422810000000 -1.844920000000
1.428950000000 -1.845550000000
1.435080000000 -1.846220000000
1.441210000000 -1.846940000000
1.447340000000 -1.847690000000
1.453480000000 -1.848480000000
1.459610000000 -1.849300000000
1.465740000000 -1.850150000000
1.471880000000 -1.851030000000
1.478010000000 -1.851940000000
1.484140000000 -1.852880000000
1.490270000000 -1.853840000000
1.496410000000 -1.854830000000
1.502540000000 -1.855850000000
1.508670000000 -1.856890000000
1.514800000000 -1.857960000000
1.520940000000 -1.859070000000
1.527070000000 -1.860200000000
1.533200000000 -1.861350000000
1.539340000000 -1.862520000000
1.545470000000 -1.863710000000
1.551600000000 -1.864910000000
1.557730000000 -1.866110000000
1.563870000000 -1.867330000000
1.570000000000 -1.868570000000
1.576130000000 -1.869790000000
1.582270000000 -1.871030000000
1.588400000000 -1.872280000000
1.594530000000 -1.873530000000
1.600660000000 -1.874790000000
1.606800000000 -1.876050000000
1.612930000000 -1.877330000000
1.619060000000 -1.878610000000
1.625200000000 -1.879930000000
1.631330000000 -1.881270000000
1.637460000000 -1.882640000000
1.643590000000 -1.884040000000
1.649730000000 -1.885450000000
1.655860000000 -1.886870000000
1.661990000000 -1.888290000000
1.668130000000 -1.889700000000
1.674260000000 -1.891100000000
1.680390000000 -1.892490000000
1.686520000000 -1.893870000000
1.692660000000 -1.895240000000
1.698790000000 -1.896590000000
1.704920000000 -1.897920000000
1.711050000000 -1.899240000000
1.717190000000 -1.900550000000
1.723320000000 -1.901840000000
1.729450000000 -1.903120000000
1.735590000000 -1.904380000000
1.741720000000 -1.905630000000
1.747850000000 -1.906870000000
1.753980000000 -1.908090000000
1.760120000000 -1.909300000000
1.766250000000 -1.910500000000
1.772380000000 -1.911690000000
1.778520000000 -1.912870000000
1.784650000000 -1.914030000000
1.790780000000 -1.915180000000
1.796910000000 -1.916320000000
1.803050000000 -1.917450000000
1.809180000000 -1.918570000000
1.815310000000 -1.919680000000
1.821450000000 -1.920780000000
1.827580000000 -1.921870000000
1.833710000000 -1.922950000000
1.839840000000 -1.924010000000
1.845980000000 -1.925070000000
1.852110000000 -1.926120000000
1.858240000000 -1.927150000000
1.864380000000 -1.928180000000
1.870510000000 -1.929200000000
1.876640000000 -1.930200000000
1.882770000000 -1.931200000000
1.888910000000 -1.932190000000
1.895040000000 -1.933160000000
1.901170000000 -1.934130000000
1.907300000000 -1.935080000000
1.913440000000 -1.936030000000
1.919570000000 -1.936960000000
1.925700000000 -1.937890000000
1.931840000000 -1.938800000000
1.937970000000 -1.939710000000
1.944100000000 -1.940600000000
1.950230000000 -1.941480000000
1.956370000000 -1.942360000000
1.962500000000 -1.943220000000
1.968630000000 -1.944070000000
1.974770000000 -1.944910000000
1.980900000000 -1.945740000000
1.987030000000 -1.946550000000
1.993160000000 -1.947360000000
1.999300000000 -1.948150000000
2.005430000000 -1.948940000000
2.011560000000 -1.949710000000
2.017700000000 -1.950470000000
2.023830000000 -1.951220000000
2.029960000000 -1.951950000000
2.036090000000 -1.952670000000
2.042230000000 -1.953380000000
2.048360000000 -1.954080000000
2.054490000000 -1.954770000000
2.060620000000 -1.955440000000
2.066760000000 -1.956100000000
2.072890000000 -1.956750000000
2.079020000000 -1.957380000000
2.085160000000 -1.958010000000
2.091290000000 -1.958620000000
2.097420000000 -1.959210000000
2.103550000000 -1.959800000000
2.109690000000 -1.960370000000
2.115820000000 -1.960930000000
2.121950000000 -1.961480000000
2.128090000000 -1.962010000000
2.134220000000 -1.962530000000
2.140350000000 -1.963040000000
2.146480000000 -1.963540000000
2.152620000000 -1.964030000000
2.158750000000 -1.964500000000
2.164880000000 -1.964960000000
2.171020000000 -1.965410000000
2.177150000000 -1.965850000000
2.183280000000 -1.966280000000
2.189410000000 -1.966690000000
2.195550000000 -1.967100000000
2.201680000000 -1.967490000000
2.207810000000 -1.967880000000
2.213950000000 -1.968250000000
2.220080000000 -1.968610000000
2.226210000000 -1.968960000000
2.232340000000 -1.969310000000
2.238480000000 -1.969640000000
2.244610000000 -1.969960000000
2.250740000000 -1.970270000000
2.256870000000 -1.970580000000
2.263010000000 -1.970870000000
2.269140000000 -1.971160000000
2.275270000000 -1.971430000000
2.281410000000 -1.971700000000
2.287540000000 -1.971960000000
2.293670000000 -1.972210000000
2.299800000000 -1.972450000000
2.305940000000 -1.972690000000
2.312070000000 -1.972910000000
2.318200000000 -1.973130000000
2.324340000000 -1.973340000000
2.330470000000 -1.973550000000
2.336600000000 -1.973740000000
2.342730000000 -1.973930000000
2.348870000000 -1.974110000000
2.355000000000 -1.974280000000
2.361130000000 -1.974450000000
2.367270000000 -1.974600000000
2.373400000000 -1.974750000000
2.379530000000 -1.974900000000
2.385660000000 -1.975040000000
2.391800000000 -1.975170000000
2.397930000000 -1.975290000000
2.404060000000 -1.975400000000
2.410200000000 -1.975510000000
2.416330000000 -1.975620000000
2.422460000000 -1.975710000000
2.428590000000 -1.975800000000
2.434730000000 -1.975880000000
2.440860000000 -1.975960000000
2.446990000000 -1.976020000000
2.453120000000 -1.976090000000
2.459260000000 -1.976140000000
2.465390000000 -1.976190000000
2.471520000000 -1.976230000000
2.477660000000 -1.976270000000
2.483790000000 -1.976290000000
2.489920000000 -1.976310000000
2.496050000000 -1.976330000000
2.502190000000 -1.976340000000
2.508320000000 -1.976340000000
2.514450000000 -1.976330000000
2.520590000000 -1.976320000000
2.526720000000 -1.976300000000
2.532850000000 -1.976270000000
2.538980000000 -1.976240000000
2.545120000000 -1.976200000000
2.551250000000 -1.976160000000
2.557380000000 -1.976110000000
2.563520000000 -1.976050000000
2.569650000000 -1.975980000000
2.575780000000 -1.975910000000
2.581910000000 -1.975830000000
2.588050000000 -1.975750000000
2.594180000000 -1.975650000000
2.600310000000 -1.975560000000
2.606450000000 -1.975450000000
2.612580000000 -1.975340000000
2.618710000000 -1.975220000000
2.624840000000 -1.975100000000
2.630980000000 -1.974970000000
2.637110000000 -1.974830000000
2.643240000000 -1.974680000000
2.649380000000 -1.974530000000
2.655510000000 -1.974380000000
2.661640000000 -1.974210000000
2.667770000000 -1.974040000000
2.673910000000 -1.973860000000
2.680040000000 -1.973670000000
2.686170000000 -1.973480000000
2.692300000000 -1.973280000000
2.698440000000 -1.973080000000
2.704570000000 -1.972860000000
2.710700000000 -1.972640000000
2.716840000000 -1.972410000000
2.722970000000 -1.972170000000
2.729100000000 -1.971930000000
2.735230000000 -1.971670000000
2.741370000000 -1.971410000000
2.747500000000 -1.971140000000
2.753630000000 -1.970870000000
2.759770000000 -1.970580000000
2.765900000000 -1.970290000000
2.772030000000 -1.969980000000
2.778160000000 -1.969670000000
2.784300000000 -1.969350000000
2.790430000000 -1.969020000000
2.796560000000 -1.968680000000
2.802700000000 -1.968330000000
2.808830000000 -1.967970000000
2.814960000000 -1.967600000000
2.821090000000 -1.967210000000
2.827230000000 -1.966820000000
2.833360000000 -1.966420000000
2.839490000000 -1.966000000000
2.845630000000 -1.965570000000
2.851760000000 -1.965130000000
2.857890000000 -1.964670000000
2.864020000000 -1.964200000000
2.870160000000 -1.963710000000
2.876290000000 -1.963210000000
2.882420000000 -1.962690000000
2.888550000000 -1.962150000000
2.894690000000 -1.961590000000
2.900820000000 -1.961000000000
2.906950000000 -1.960390000000
2.913090000000 -1.959760000000
2.919220000000 -1.959090000000
2.925350000000 -1.958400000000
2.931480000000 -1.957670000000
2.937620000000 -1.956900000000
2.943750000000 -1.956100000000
2.949880000000 -1.955260000000
2.956020000000 -1.954390000000
2.962150000000 -1.953490000000
2.968280000000 -1.952590000000
2.974410000000 -1.951710000000
2.980550000000 -1.950880000000
2.986680000000 -1.950160000000
2.992810000000 -1.949590000000
2.998950000000 -1.949240000000
3.005080000000 -1.949120000000
3.011210000000 -1.949230000000
3.017340000000 -1.949530000000
3.023480000000 -1.949950000000
3.029610000000 -1.950370000000
3.035740000000 -1.950730000000
3.041880000000 -1.950920000000
3.048010000000 -1.950920000000
3.054140000000 -1.950720000000
3.060270000000 -1.950370000000
3.066410000000 -1.950020000000
3.072540000000 -1.949840000000
3.078670000000 -1.949860000000
3.084800000000 -1.949880000000
3.090940000000 -1.949800000000
3.097070000000 -1.949720000000
3.103200000000 -1.949690000000
3.109340000000 -1.949640000000
3.115470000000 -1.949610000000
3.121600000000 -1.949590000000
3.127730000000 -1.949570000000
3.133870000000 -1.949560000000
3.140000000000 -1.949900000000
3.149315307180 -1.949560000000
3.155455307180 -1.949570000000
3.161585307180 -1.949590000000
3.167715307180 -1.949610000000
3.173845307180 -1.949640000000
3.179985307180 -1.949690000000
3.186115307180 -1.949720000000
3.192245307180 -1.949800000000
3.198385307180 -1.949880000000
3.204515307180 -1.949860000000
3.210645307180 -1.949840000000
3.216775307180 -1.950020000000
3.222915307180 -1.950370000000
3.229045307180 -1.950720000000
3.235175307180 -1.950920000000
3.241305307180 -1.950920000000
3.247445307180 -1.950730000000
3.253575307180 -1.950370000000
3.259705307180 -1.949950000000
3.265845307180 -1.949530000000
3.271975307180 -1.949230000000
3.278105307180 -1.949120000000
3.284235307180 -1.949240000000
3.290375307180 -1.949590000000
3.296505307180 -1.950160000000
3.302635307180 -1.950880000000
3.308775307180 -1.951710000000
3.314905307180 -1.952590000000
3.321035307180 -1.953490000000
3.327165307180 -1.954390000000
3.333305307180 -1.955260000000
3.339435307180 -1.956100000000
3.345565307180 -1.956900000000
3.351705307180 -1.957670000000
3.357835307180 -1.958400000000
3.363965307180 -1.959090000000
3.370095307180 -1.959760000000
3.376235307180 -1.960390000000
3.382365307180 -1.961000000000
3.388495307180 -1.961590000000
3.394635307180 -1.962150000000
3.400765307180 -1.962690000000
3.406895307180 -1.963210000000
3.413025307180 -1.963710000000
3.419165307180 -1.964200000000
3.425295307180 -1.964670000000
3.431425307180 -1.965130000000
3.437555307180 -1.965570000000
3.443695307180 -1.966000000000
3.449825307180 -1.966420000000
3.455955307180 -1.966820000000
3.462095307180 -1.967210000000
3.468225307180 -1.967600000000
3.474355307180 -1.967970000000
3.480485307180 -1.968330000000
3.486625307180 -1.968680000000
3.492755307180 -1.969020000000
3.498885307180 -1.969350000000
3.505025307180 -1.969670000000
3.511155307180 -1.969980000000
3.517285307180 -1.970290000000
3.523415307180 -1.970580000000
3.529555307180 -1.970870000000
3.535685307180 -1.971140000000
3.541815307180 -1.971410000000
3.547955307180 -1.971670000000
3.554085307180 -1.971930000000
3.560215307180 -1.972170000000
3.566345307180 -1.972410000000
3.572485307180 -1.972640000000
3.578615307180 -1.972860000000
3.584745307180 -1.973080000000
3.590885307180 -1.973280000000
3.597015307180 -1.973480000000
3.603145307180 -1.973670000000
3.609275307180 -1.973860000000
3.615415307180 -1.974040000000
3.621545307180 -1.974210000000
3.627675307180 -1.974380000000
3.633805307180 -1.974530000000
3.639945307180 -1.974680000000
3.646075307180 -1.974830000000
3.652205307180 -1.974970000000
3.658345307180 -1.975100000000
3.664475307180 -1.975220000000
3.670605307180 -1.975340000000
3.676735307180 -1.975450000000
3.682875307180 -1.975560000000
3.689005307180 -1.975650000000
3.695135307180 -1.975750000000
3.701275307180 -1.975830000000
3.707405307180 -1.975910000000
3.713535307180 -1.975980000000
3.719665307180 -1.976050000000
3.725805307180 -1.976110000000
3.731935307180 -1.976160000000
3.738065307180 -1.976200000000
3.744205307180 -1.976240000000
3.750335307180 -1.976270000000
3.756465307180 -1.976300000000
3.762595307180 -1.976320000000
3.768735307180 -1.976330000000
3.774865307180 -1.976340000000
3.780995307180 -1.976340000000
3.787135307180 -1.976330000000
3.793265307180 -1.976310000000
3.799395307180 -1.976290000000
3.805525307180 -1.976270000000
3.811665307180 -1.976230000000
3.817795307180 -1.976190000000
3.823925307180 -1.976140000000
3.830065307180 -1.976090000000
3.836195307180 -1.976020000000
3.842325307180 -1.975960000000
3.848455307180 -1.975880000000
3.854595307180 -1.975800000000
3.860725307180 -1.975710000000
3.866855307180 -1.975620000000
3.872985307180 -1.975510000000
3.879125307180 -1.975400000000
3.885255307180 -1.975290000000
3.891385307180 -1.975170000000
3.897525307180 -1.975040000000
3.903655307180 -1.974900000000
3.909785307180 -1.974750000000
3.915915307180 -1.974600000000
3.922055307180 -1.974450000000
3.928185307180 -1.974280000000
3.934315307180 -1.974110000000
3.940455307180 -1.973930000000
3.946585307180 -1.973740000000
3.952715307180 -1.973550000000
3.958845307180 -1.973340000000
3.964985307180 -1.973130000000
3.971115307180 -1.972910000000
3.977245307180 -1.972690000000
3.983385307180 -1.972450000000
3.989515307180 -1.972210000000
3.995645307180 -1.971960000000
4.001775307180 -1.971700000000
4.007915307180 -1.971430000000
4.014045307180 -1.971160000000
4.020175307180 -1.970870000000
4.026315307180 -1.970580000000
4.032445307180 -1.970270000000
4.038575307180 -1.969960000000
4.044705307180 -1.969640000000
4.050845307180 -1.969310000000
4.056975307180 -1.968960000000
4.063105307180 -1.968610000000
4.069235307180 -1.968250000000
4.075375307180 -1.967880000000
4.081505307180 -1.967490000000
4.087635307180 -1.967100000000
4.093775307180 -1.966690000000
4.099905307180 -1.966280000000
4.106035307180 -1.965850000000
4.112165307180 -1.965410000000
4.118305307180 -1.964960000000
4.124435307180 -1.964500000000
4.130565307180 -1.964030000000
4.136705307180 -1.963540000000
4.142835307180 -1.963040000000
4.148965307180 -1.962530000000
4.155095307180 -1.962010000000
4.161235307180 -1.961480000000
4.167365307180 -1.960930000000
4.173495307180 -1.960370000000
4.179635307180 -1.959800000000
4.185765307180 -1.959210000000
4.191895307180 -1.958620000000
4.198025307180 -1.958010000000
4.204165307180 -1.957380000000
4.210295307180 -1.956750000000
4.216425307180 -1.956100000000
4.222565307180 -1.955440000000
4.228695307180 -1.954770000000
4.234825307180 -1.954080000000
4.240955307180 -1.953380000000
4.247095307180 -1.952670000000
4.253225307180 -1.951950000000
4.259355307180 -1.951220000000
4.265485307180 -1.950470000000
4.271625307180 -1.949710000000
4.277755307180 -1.948940000000
4.283885307180 -1.948150000000
4.290025307180 -1.947360000000
4.296155307180 -1.946550000000
4.302285307180 -1.945740000000
4.308415307180 -1.944910000000
4.314555307180 -1.944070000000
4.320685307180 -1.943220000000
4.326815307180 -1.942360000000
4.332955307180 -1.941480000000
4.339085307180 -1.940600000000
4.345215307180 -1.939710000000
4.351345307180 -1.938800000000
4.357485307180 -1.937890000000
4.363615307180 -1.936960000000
4.369745307180 -1.936030000000
4.375885307180 -1.935080000000
4.382015307180 -1.934130000000
4.388145307180 -1.933160000000
4.394275307180 -1.932190000000
4.400415307180 -1.931200000000
4.406545307180 -1.930200000000
4.412675307180 -1.929200000000
4.418805307180 -1.928180000000
4.424945307180 -1.927150000000
4.431075307180 -1.926120000000
4.437205307180 -1.925070000000
4.443345307180 -1.924010000000
4.449475307180 -1.922950000000
4.455605307180 -1.921870000000
4.461735307180 -1.920780000000
4.467875307180 -1.919680000000
4.474005307180 -1.918570000000
4.480135307180 -1.917450000000
4.486275307180 -1.916320000000
4.492405307180 -1.915180000000
4.498535307180 -1.914030000000
4.504665307180 -1.912870000000
4.510805307180 -1.911690000000
4.516935307180 -1.910500000000
4.523065307180 -1.909300000000
4.529205307180 -1.908090000000
4.535335307180 -1.906870000000
4.541465307180 -1.905630000000
4.547595307180 -1.904380000000
4.553735307180 -1.903120000000
4.559865307180 -1.901840000000
4.565995307180 -1.900550000000
4.572135307180 -1.899240000000
4.578265307180 -1.897920000000
4.584395307180 -1.896590000000
4.590525307180 -1.895240000000
4.596665307180 -1.893870000000
4.602795307180 -1.892490000000
4.608925307180 -1.891100000000
4.615055307180 -1.889700000000
4.621195307180 -1.888290000000
4.627325307180 -1.886870000000
4.633455307180 -1.885450000000
4.639595307180 -1.884040000000
4.645725307180 -1.882640000000
4.651855307180 -1.881270000000
4.657985307180 -1.879930000000
4.664125307180 -1.878610000000
4.670255307180 -1.877330000000
4.676385307180 -1.876050000000
4.682525307180 -1.874790000000
4.688655307180 -1.873530000000
4.694785307180 -1.872280000000
4.700915307180 -1.871030000000
4.707055307180 -1.869790000000
4.713185307180 -1.868570000000
4.719315307180 -1.867330000000
4.725455307180 -1.866110000000
4.731585307180 -1.864910000000
4.737715307180 -1.863710000000
4.743845307180 -1.862520000000
4.749985307180 -1.861350000000
4.756115307180 -1.860200000000
4.762245307180 -1.859070000000
4.768385307180 -1.857960000000
4.774515307180 -1.856890000000
4.780645307180 -1.855850000000
4.786775307180 -1.854830000000
4.792915307180 -1.853840000000
4.799045307180 -1.852880000000
4.805175307180 -1.851940000000
4.811305307180 -1.851030000000
4.817445307180 -1.850150000000
4.823575307180 -1.849300000000
4.829705307180 -1.848480000000
4.835845307180 -1.847690000000
4.841975307180 -1.846940000000
4.848105307180 -1.846220000000
4.854235307180 -1.845550000000
4.860375307180 -1.844920000000
4.866505307180 -1.844330000000
4.872635307180 -1.843770000000
4.878775307180 -1.843230000000
4.884905307180 -1.842710000000
4.891035307180 -1.842180000000
4.897165307180 -1.841660000000
4.903305307180 -1.841130000000
4.909435307180 -1.840640000000
4.915565307180 -1.840130000000
4.921705307180 -1.839690000000
4.927835307180 -1.839310000000
4.933965307180 -1.838990000000
4.940095307180 -1.838750000000
4.946235307180 -1.838590000000
4.952365307180 -1.838500000000
4.958495307180 -1.838500000000
4.964635307180 -1.838590000000
4.970765307180 -1.838780000000
4.976895307180 -1.839060000000
4.983025307180 -1.839440000000
4.989165307180 -1.839920000000
4.995295307180 -1.840500000000
5.001425307180 -1.841170000000
5.007555307180 -1.841920000000
5.013695307180 -1.842760000000
5.019825307180 -1.843670000000
5.025955307180 -1.844660000000
5.032095307180 -1.845710000000
5.038225307180 -1.846830000000
5.044355307180 -1.848010000000
5.050485307180 -1.849240000000
5.056625307180 -1.850520000000
5.062755307180 -1.851830000000
5.068885307180 -1.853160000000
5.075025307180 -1.854480000000
5.081155307180 -1.855780000000
5.087285307180 -1.857040000000
5.093415307180 -1.858250000000
5.099555307180 -1.859410000000
5.105685307180 -1.860520000000
5.111815307180 -1.861570000000
5.117955307180 -1.862570000000
5.124085307180 -1.863500000000
5.130215307180 -1.864390000000
5.136345307180 -1.865220000000
5.142485307180 -1.866000000000
5.148615307180 -1.866730000000
5.154745307180 -1.867410000000
5.160885307180 -1.868040000000
5.167015307180 -1.868630000000
5.173145307180 -1.869160000000
5.179275307180 -1.869660000000
5.185415307180 -1.870100000000
5.191545307180 -1.870500000000
5.197675307180 -1.870850000000
5.203815307180 -1.871160000000
5.209945307180 -1.871410000000
5.216075307180 -1.871630000000
5.222205307180 -1.871800000000
5.228345307180 -1.871920000000
5.234475307180 -1.871990000000
5.240605307180 -1.872020000000
5.246735307180 -1.872000000000
5.252875307180 -1.871930000000
5.259005307180 -1.871820000000
5.265135307180 -1.871660000000
5.271275307180 -1.871460000000
5.277405307180 -1.871200000000
5.283537307180 -1.870900000000
5.289669307180 -1.870550000000
5.295802307180 -1.870150000000
5.301935307180 -1.869700000000
5.308068307180 -1.869210000000
5.314201307180 -1.868660000000
5.320333307180 -1.868060000000
5.326466307180 -1.867400000000
5.332599307180 -1.866700000000
5.338732307180 -1.865930000000
5.344865307180 -1.865110000000
5.350997307180 -1.864230000000
5.357130307180 -1.863290000000
5.363263307180 -1.862290000000
5.369396307180 -1.861230000000
5.375529307180 -1.860100000000
5.381662307180 -1.858900000000
5.387794307180 -1.857630000000
5.393927307180 -1.856290000000
5.400060307180 -1.854890000000
5.406193307180 -1.853410000000
5.412326307180 -1.851870000000
5.418458307180 -1.850260000000
5.424591307180 -1.848610000000
5.430724307180 -1.846910000000
5.436857307180 -1.845200000000
5.442990307180 -1.843490000000
5.449122307180 -1.841820000000
5.455255307180 -1.840230000000
5.461388307180 -1.838760000000
5.467521307180 -1.837460000000
5.473654307180 -1.836390000000
5.479787307180 -1.835590000000
5.485919307180 -1.835130000000
5.492052307180 -1.835020000000
5.498185307180 -1.835300000000
5.504318307180 -1.835940000000
5.510451307180 -1.836920000000
5.516583307180 -1.838180000000
5.522716307180 -1.839660000000
5.528849307180 -1.841260000000
5.534982307180 -1.842930000000
5.541115307180 -1.844590000000
5.547247307180 -1.846190000000
5.553380307180 -1.847700000000
5.559513307180 -1.849080000000
5.565646307180 -1.850330000000
5.571779307180 -1.851440000000
5.577912307180 -1.852400000000
5.584044307180 -1.853210000000
5.590177307180 -1.853880000000
5.596310307180 -1.854410000000
5.602443307180 -1.854800000000
5.608576307180 -1.855050000000
5.614708307180 -1.855170000000
5.620841307180 -1.855150000000
5.626974307180 -1.854990000000
5.633107307180 -1.854690000000
5.639240307180 -1.854240000000
5.645372307180 -1.853650000000
5.651505307180 -1.852910000000
5.657638307180 -1.852010000000
5.663771307180 -1.850940000000
5.669904307180 -1.849710000000
5.676037307180 -1.848320000000
5.682169307180 -1.846790000000
5.688302307180 -1.845150000000
5.694435307180 -1.843470000000
5.700568307180 -1.841840000000
5.706701307180 -1.840400000000
5.712833307180 -1.839300000000
5.718966307180 -1.838690000000
5.725099307180 -1.838670000000
5.731232307180 -1.839250000000
5.737365307180 -1.840320000000
5.743498307180 -1.841720000000
5.749630307180 -1.843270000000
5.755763307180 -1.844800000000
5.761896307180 -1.846190000000
5.768029307180 -1.847370000000
5.774162307180 -1.848290000000
5.780294307180 -1.848920000000
5.786427307180 -1.849260000000
5.792560307180 -1.849300000000
5.798693307180 -1.849040000000
5.804826307180 -1.848470000000
5.810958307180 -1.847600000000
5.817091307180 -1.846450000000
5.823224307180 -1.845080000000
5.829357307180 -1.843580000000
5.835490307180 -1.842160000000
5.841622307180 -1.841080000000
5.847755307180 -1.840590000000
5.853888307180 -1.840830000000
5.860021307180 -1.841720000000
5.866154307180 -1.842990000000
5.872287307180 -1.844310000000
5.878419307180 -1.845420000000
5.884552307180 -1.846170000000
5.890685307180 -1.846450000000
5.896818307180 -1.846250000000
5.902951307180 -1.845580000000
5.909083307180 -1.844510000000
5.915216307180 -1.843250000000
5.921349307180 -1.842140000000
5.927482307180 -1.841600000000
5.933615307180 -1.841840000000
5.939747307180 -1.842730000000
5.945880307180 -1.843800000000
5.952013307180 -1.844610000000
5.958146307180 -1.844860000000
5.964279307180 -1.844490000000
5.970412307180 -1.843610000000
5.976544307180 -1.842630000000
5.982677307180 -1.842100000000
5.988810307180 -1.842370000000
5.994943307180 -1.843160000000
6.001076307180 -1.843820000000
6.007208307180 -1.843870000000
6.013341307180 -1.843290000000
6.019474307180 -1.842550000000
6.025607307180 -1.842380000000
6.031740307180 -1.842870000000
6.037872307180 -1.843350000000
6.044005307180 -1.843200000000
6.050138307180 -1.842650000000
6.056271307180 -1.842490000000
6.062404307180 -1.842870000000
6.068537307180 -1.843010000000
6.074669307180 -1.842650000000
6.080802307180 -1.842530000000
6.086935307180 -1.842800000000
6.093068307180 -1.842690000000
6.099201307180 -1.842510000000
6.105333307180 -1.842680000000
6.111466307180 -1.842550000000
6.117599307180 -1.842540000000
6.123732307180 -1.842550000000
6.129865307180 -1.842490000000
6.135998307180 -1.842500000000
6.142130307180 -1.842470000000
6.148263307180 -1.842440000000
6.154396307180 -1.842440000000
6.160529307180 -1.842420000000
6.166662307180 -1.842400000000
6.172794307180 -1.842380000000
6.178927307180 -1.842370000000
6.185060307180 -1.842360000000
6.191193107180 -1.842350000000
6.197325907180 -1.842330000000
6.203458707180 -1.842320000000
6.209591607180 -1.842310000000
6.215724407180 -1.842300000000
6.221857207180 -1.842290000000
6.227990007180 -1.842290000000
6.234122807180 -1.842280000000
6.240255607180 -1.842270000000
6.246388407180 -1.842270000000
6.252521207180 -1.842260000000
6.258654007180 -1.842260000000
6.264786907180 -1.842260000000
6.270919707180 -1.842260000000
6.277052497180 -1.842250000000
6.283185307180 -1.842660000000
