0.000000000000 -2.352490000000
0.006132810000 -2.352580000000
0.012265600000 -2.352580000000
0.018398400000 -2.352580000000
0.024531300000 -2.352580000000
0.030664100000 -2.352570000000
0.036796900000 -2.352570000000
0.042929700000 -2.352570000000
0.049062500000 -2.352570000000
0.055195300000 -2.352560000000
0.061328100000 -2.352560000000
0.067460900000 -2.352560000000
0.073593700000 -2.352550000000
0.079726600000 -2.352550000000
0.085859400000 -2.352540000000
0.091992200000 -2.352530000000
0.098125000000 -2.352530000000
0.104258000000 -2.352530000000
0.110391000000 -2.352500000000
0.116523000000 -2.352530000000
0.122656000000 -2.352470000000
0.128789000000 -2.352540000000
0.134922000000 -2.352450000000
0.141055000000 -2.352470000000
0.147187000000 -2.352570000000
0.153320000000 -2.352360000000
0.159453000000 -2.352380000000
0.165586000000 -2.352630000000
0.171719000000 -2.352500000000
0.177852000000 -2.352150000000
0.183984000000 -2.352220000000
0.190117000000 -2.352650000000
0.196250000000 -2.352810000000
0.202383000000 -2.352450000000
0.208516000000 -2.351890000000
0.214648000000 -2.351730000000
0.220781000000 -2.352160000000
0.226914000000 -2.352800000000
0.233047000000 -2.353180000000
0.239180000000 -2.353030000000
0.245313000000 -2.352410000000
0.251445000000 -2.351590000000
0.257578000000 -2.350980000000
0.263711000000 -2.350940000000
0.269844000000 -2.351510000000
0.275977000000 -2.352380000000
0.282109000000 -2.353210000000
0.288242000000 -2.353770000000
0.294375000000 -2.353950000000
0.300508000000 -2.353710000000
0.306641000000 -2.353090000000
0.312773000000 -2.352150000000
0.318906000000 -2.351040000000
0.325039000000 -2.349990000000
0.331172000000 -2.349250000000
0.337305000000 -2.349040000000
0.343438000000 -2.349410000000
0.349570000000 -2.350240000000
0.355703000000 -2.351320000000
0.361836000000 -2.352440000000
0.367969000000 -2.353450000000
0.374102000000 -2.354290000000
0.380234000000 -2.354910000000
0.386367000000 -2.355300000000
0.392500000000 -2.355460000000
0.398633000000 -2.355410000000
0.404766000000 -2.355130000000
0.410898000000 -2.354640000000
0.417031000000 -2.353930000000
0.423164000000 -2.353010000000
0.429297000000 -2.351900000000
0.435430000000 -2.350630000000
0.441563000000 -2.349250000000
0.447695000000 -2.347840000000
0.453828000000 -2.346510000000
0.459961000000 -2.345410000000
0.466094000000 -2.344640000000
0.472227000000 -2.344310000000
0.478359000000 -2.344450000000
0.484492000000 -2.345020000000
0.490625000000 -2.345920000000
0.496758000000 -2.347060000000
0.502891000000 -2.348320000000
0.509023000000 -2.349620000000
0.515156000000 -2.350890000000
0.521289000000 -2.352090000000
0.527422000000 -2.353190000000
0.533555000000 -2.354190000000
0.539687000000 -2.355090000000
0.545820000000 -2.355880000000
0.551953000000 -2.356570000000
0.558086000000 -2.357160000000
0.564219000000 -2.357660000000
0.570352000000 -2.358070000000
0.576484000000 -2.358400000000
0.582617000000 -2.358650000000
0.588750000000 -2.358820000000
0.594883000000 -2.358920000000
0.601016000000 -2.358940000000
0.607148000000 -2.358880000000
0.613281000000 -2.358750000000
0.619414000000 -2.358550000000
0.625547000000 -2.358280000000
0.631680000000 -2.357930000000
0.637813000000 -2.357520000000
0.643945000000 -2.357020000000
0.650078000000 -2.356450000000
0.656211000000 -2.355800000000
0.662344000000 -2.355080000000
0.668477000000 -2.354270000000
0.674609000000 -2.353390000000
0.680742000000 -2.352410000000
0.686875000000 -2.351360000000
0.693008000000 -2.350210000000
0.699141000000 -2.348980000000
0.705273000000 -2.347660000000
0.711406000000 -2.346250000000
0.717539000000 -2.344760000000
0.723672000000 -2.343190000000
0.729805000000 -2.341560000000
0.735938000000 -2.339870000000
0.742070000000 -2.338150000000
0.748203000000 -2.336420000000
0.754336000000 -2.334710000000
0.760469000000 -2.333070000000
0.766602000000 -2.331530000000
0.772734000000 -2.330140000000
0.778867000000 -2.328940000000
0.785000000000 -2.327960000000
0.791133000000 -2.327250000000
0.797266000000 -2.326820000000
0.803398000000 -2.326680000000
0.809531000000 -2.326820000000
0.815664000000 -2.327230000000
0.821797000000 -2.327860000000
0.827930000000 -2.328710000000
0.834063000000 -2.329710000000
0.840195000000 -2.330850000000
0.846328000000 -2.332080000000
0.852461000000 -2.333380000000
0.858594000000 -2.334710000000
0.864727000000 -2.336060000000
0.870859000000 -2.337420000000
0.876992000000 -2.338760000000
0.883125000000 -2.340080000000
0.889258000000 -2.341370000000
0.895391000000 -2.342630000000
0.901523000000 -2.343860000000
0.907656000000 -2.345050000000
0.913789000000 -2.346210000000
0.919922000000 -2.347330000000
0.926055000000 -2.348410000000
0.932188000000 -2.349460000000
0.938320000000 -2.350480000000
0.944453000000 -2.351470000000
0.950586000000 -2.352430000000
0.956719000000 -2.353370000000
0.962852000000 -2.354270000000
0.968984000000 -2.355150000000
0.975117000000 -2.356010000000
0.981250000000 -2.356840000000
0.987383000000 -2.357650000000
0.993516000000 -2.358440000000
0.999648000000 -2.359210000000
1.005780000000 -2.359960000000
1.011910000000 -2.360700000000
1.018050000000 -2.361410000000
1.024180000000 -2.362100000000
1.030310000000 -2.362780000000
1.036450000000 -2.363440000000
1.042580000000 -2.364080000000
1.048710000000 -2.364710000000
1.054840000000 -2.365320000000
1.060980000000 -2.365910000000
1.067110000000 -2.366490000000
1.073240000000 -2.367050000000
1.079370000000 -2.367600000000
1.085510000000 -2.368130000000
1.091640000000 -2.368640000000
1.097770000000 -2.369150000000
1.103910000000 -2.369630000000
1.110040000000 -2.370100000000
1.116170000000 -2.370560000000
1.122300000000 -2.371000000000
1.128440000000 -2.371430000000
1.134570000000 -2.371850000000
1.140700000000 -2.372250000000
1.146840000000 -2.372630000000
1.152970000000 -2.373000000000
1.159100000000 -2.373360000000
1.165230000000 -2.373710000000
1.171370000000 -2.374040000000
1.177500000000 -2.374350000000
1.183630000000 -2.374650000000
1.189770000000 -2.374940000000
1.195900000000 -2.375220000000
1.202030000000 -2.375480000000
1.208160000000 -2.375730000000
1.214300000000 -2.375960000000
1.220430000000 -2.376180000000
1.226560000000 -2.376390000000
1.232700000000 -2.376590000000
1.238830000000 -2.376770000000
1.244960000000 -2.376940000000
1.251090000000 -2.377090000000
1.257230000000 -2.377240000000
1.263360000000 -2.377370000000
1.269490000000 -2.377480000000
1.275630000000 -2.377590000000
1.281760000000 -2.377680000000
1.287890000000 -2.377760000000
1.294020000000 -2.377820000000
1.300160000000 -2.377880000000
1.306290000000 -2.377920000000
1.312420000000 -2.377950000000
1.318550000000 -2.377960000000
1.324690000000 -2.377970000000
1.330820000000 -2.377960000000
1.336950000000 -2.377940000000
1.343090000000 -2.377900000000
1.349220000000 -2.377860000000
1.355350000000 -2.377800000000
1.361480000000 -2.377730000000
1.367620000000 -2.377650000000
1.373750000000 -2.377550000000
1.379880000000 -2.377450000000
1.386020000000 -2.377330000000
1.392150000000 -2.377200000000
1.398280000000 -2.377060000000
1.404410000000 -2.376910000000
1.410550000000 -2.376740000000
1.416680000000 -2.376570000000
1.422810000000 -2.376380000000
1.428950000000 -2.376180000000
1.435080000000 -2.375970000000
1.441210000000 -2.375740000000
1.447340000000 -2.375510000000
1.453480000000 -2.375260000000
1.459610000000 -2.375010000000
1.465740000000 -2.374740000000
1.471880000000 -2.374460000000
1.478010000000 -2.374170000000
1.484140000000 -2.373860000000
1.490270000000 -2.373550000000
1.496410000000 -2.373230000000
1.502540000000 -2.372890000000
1.508670000000 -2.372540000000
1.514800000000 -2.372180000000
1.520940000000 -2.371810000000
1.527070000000 -2.371430000000
1.533200000000 -2.371040000000
1.539340000000 -2.370640000000
1.545470000000 -2.370230000000
1.551600000000 -2.369800000000
1.557730000000 -2.369360000000
1.563870000000 -2.368920000000
1.570000000000 -2.368460000000
1.576130000000 -2.367990000000
1.582270000000 -2.367510000000
1.588400000000 -2.367020000000
1.594530000000 -2.366520000000
1.600660000000 -2.366010000000
1.606800000000 -2.365490000000
1.612930000000 -2.364960000000
1.619060000000 -2.364410000000
1.625200000000 -2.363860000000
1.631330000000 -2.363290000000
1.637460000000 -2.362720000000
1.643590000000 -2.362130000000
1.649730000000 -2.361540000000
1.655860000000 -2.360930000000
1.661990000000 -2.360310000000
1.668130000000 -2.359690000000
1.674260000000 -2.359050000000
1.680390000000 -2.358400000000
1.686520000000 -2.357740000000
1.692660000000 -2.357080000000
1.698790000000 -2.356400000000
1.704920000000 -2.355710000000
1.711050000000 -2.355010000000
1.717190000000 -2.354300000000
1.723320000000 -2.353590000000
1.729450000000 -2.352860000000
1.735590000000 -2.352120000000
1.741720000000 -2.351380000000
1.747850000000 -2.350620000000
1.753980000000 -2.349850000000
1.760120000000 -2.349080000000
1.766250000000 -2.348290000000
1.772380000000 -2.347500000000
1.778520000000 -2.346690000000
1.784650000000 -2.345880000000
1.790780000000 -2.345050000000
1.796910000000 -2.344220000000
1.803050000000 -2.343370000000
1.809180000000 -2.342520000000
1.815310000000 -2.341660000000
1.821450000000 -2.340790000000
1.827580000000 -2.339900000000
1.833710000000 -2.339010000000
1.839840000000 -2.338110000000
1.845980000000 -2.337200000000
1.852110000000 -2.336280000000
1.858240000000 -2.335350000000
1.864380000000 -2.334410000000
1.870510000000 -2.333460000000
1.876640000000 -2.332500000000
1.882770000000 -2.331530000000
1.888910000000 -2.330550000000
1.895040000000 -2.329560000000
1.901170000000 -2.328560000000
1.907300000000 -2.327540000000
1.913440000000 -2.326520000000
1.919570000000 -2.325490000000
1.925700000000 -2.324450000000
1.931840000000 -2.323390000000
1.937970000000 -2.322330000000
1.944100000000 -2.321250000000
1.950230000000 -2.320160000000
1.956370000000 -2.319060000000
1.962500000000 -2.317950000000
1.968630000000 -2.316830000000
1.974770000000 -2.315690000000
1.980900000000 -2.314540000000
1.987030000000 -2.313380000000
1.993160000000 -2.312200000000
1.999300000000 -2.311020000000
2.005430000000 -2.309810000000
2.011560000000 -2.308600000000
2.017700000000 -2.307370000000
2.023830000000 -2.306120000000
2.029960000000 -2.304860000000
2.036090000000 -2.303580000000
2.042230000000 -2.302290000000
2.048360000000 -2.300990000000
2.054490000000 -2.299660000000
2.060620000000 -2.298330000000
2.066760000000 -2.296980000000
2.072890000000 -2.295610000000
2.079020000000 -2.294240000000
2.085160000000 -2.292870000000
2.091290000000 -2.291490000000
2.097420000000 -2.290110000000
2.103550000000 -2.288730000000
2.109690000000 -2.287350000000
2.115820000000 -2.285980000000
2.121950000000 -2.284600000000
2.128090000000 -2.283220000000
2.134220000000 -2.281850000000
2.140350000000 -2.280480000000
2.146480000000 -2.279100000000
2.152620000000 -2.277720000000
2.158750000000 -2.276350000000
2.164880000000 -2.274970000000
2.171020000000 -2.273600000000
2.177150000000 -2.272220000000
2.183280000000 -2.270850000000
2.189410000000 -2.269480000000
2.195550000000 -2.268100000000
2.201680000000 -2.266730000000
2.207810000000 -2.265370000000
2.213950000000 -2.264000000000
2.220080000000 -2.262640000000
2.226210000000 -2.261280000000
2.232340000000 -2.259930000000
2.238480000000 -2.258580000000
2.244610000000 -2.257240000000
2.250740000000 -2.255900000000
2.256870000000 -2.254580000000
2.263010000000 -2.253250000000
2.269140000000 -2.251940000000
2.275270000000 -2.250640000000
2.281410000000 -2.249340000000
2.287540000000 -2.248060000000
2.293670000000 -2.246790000000
2.299800000000 -2.245520000000
2.305940000000 -2.244270000000
2.312070000000 -2.243040000000
2.318200000000 -2.241810000000
2.324340000000 -2.240600000000
2.330470000000 -2.239410000000
2.336600000000 -2.238220000000
2.342730000000 -2.237060000000
2.348870000000 -2.235910000000
2.355000000000 -2.234780000000
2.361130000000 -2.233660000000
2.367270000000 -2.232560000000
2.373400000000 -2.231470000000
2.379530000000 -2.230390000000
2.385660000000 -2.229320000000
2.391800000000 -2.228260000000
2.397930000000 -2.227210000000
2.404060000000 -2.226170000000
2.410200000000 -2.225140000000
2.416330000000 -2.224120000000
2.422460000000 -2.223130000000
2.428590000000 -2.222150000000
2.434730000000 -2.221210000000
2.440860000000 -2.220290000000
2.446990000000 -2.219410000000
2.453120000000 -2.218550000000
2.459260000000 -2.217730000000
2.465390000000 -2.216940000000
2.471520000000 -2.216170000000
2.477660000000 -2.215430000000
2.483790000000 -2.214720000000
2.489920000000 -2.214040000000
2.496050000000 -2.213390000000
2.502190000000 -2.212770000000
2.508320000000 -2.212180000000
2.514450000000 -2.211610000000
2.520590000000 -2.211080000000
2.526720000000 -2.210570000000
2.532850000000 -2.210100000000
2.538980000000 -2.209660000000
2.545120000000 -2.209240000000
2.551250000000 -2.208860000000
2.557380000000 -2.208530000000
2.563520000000 -2.208230000000
2.569650000000 -2.207990000000
2.575780000000 -2.207780000000
2.581910000000 -2.207610000000
2.588050000000 -2.207450000000
2.594180000000 -2.207310000000
2.600310000000 -2.207160000000
2.606450000000 -2.207000000000
2.612580000000 -2.206820000000
2.618710000000 -2.206610000000
2.624840000000 -2.206380000000
2.630980000000 -2.206110000000
2.637110000000 -2.205800000000
2.643240000000 -2.205460000000
2.649380000000 -2.205080000000
2.655510000000 -2.204670000000
2.661640000000 -2.204210000000
2.667770000000 -2.203720000000
2.673910000000 -2.203200000000
2.680040000000 -2.202650000000
2.686170000000 -2.202070000000
2.692300000000 -2.201480000000
2.698440000000 -2.200870000000
2.704570000000 -2.200260000000
2.710700000000 -2.199630000000
2.716840000000 -2.198990000000
2.722970000000 -2.198340000000
2.729100000000 -2.197680000000
2.735230000000 -2.197010000000
2.741370000000 -2.196340000000
2.747500000000 -2.195660000000
2.753630000000 -2.195000000000
2.759770000000 -2.194340000000
2.765900000000 -2.193690000000
2.772030000000 -2.193070000000
2.778160000000 -2.192470000000
2.784300000000 -2.191910000000
2.790430000000 -2.191390000000
2.796560000000 -2.190920000000
2.802700000000 -2.190490000000
2.808830000000 -2.190110000000
2.814960000000 -2.189770000000
2.821090000000 -2.189460000000
2.827230000000 -2.189170000000
2.833360000000 -2.188890000000
2.839490000000 -2.188600000000
2.845630000000 -2.188310000000
2.851760000000 -2.187990000000
2.857890000000 -2.187660000000
2.864020000000 -2.187300000000
2.870160000000 -2.186930000000
2.876290000000 -2.186530000000
2.882420000000 -2.186120000000
2.888550000000 -2.185710000000
2.894690000000 -2.185300000000
2.900820000000 -2.184920000000
2.906950000000 -2.184550000000
2.913090000000 -2.184220000000
2.919220000000 -2.183910000000
2.925350000000 -2.183620000000
2.931480000000 -2.183340000000
2.937620000000 -2.183060000000
2.943750000000 -2.182720000000
2.949880000000 -2.182470000000
2.956020000000 -2.182180000000
2.962150000000 -2.181890000000
2.968280000000 -2.181620000000
2.974410000000 -2.181360000000
2.980550000000 -2.181110000000
2.986680000000 -2.180860000000
2.992810000000 -2.180620000000
2.998950000000 -2.180390000000
3.005080000000 -2.180160000000
3.011210000000 -2.179950000000
3.017340000000 -2.179740000000
3.023480000000 -2.179540000000
3.029610000000 -2.179350000000
3.035740000000 -2.179170000000
3.041880000000 -2.178990000000
3.048010000000 -2.178830000000
3.054140000000 -2.178670000000
3.060270000000 -2.178520000000
3.066410000000 -2.178390000000
3.072540000000 -2.178260000000
3.078670000000 -2.178140000000
3.084800000000 -2.178040000000
3.090940000000 -2.177940000000
3.097070000000 -2.177850000000
3.103200000000 -2.177780000000
3.109340000000 -2.177720000000
3.115470000000 -2.177660000000
3.121600000000 -2.177620000000
3.127730000000 -2.177590000000
3.133870000000 -2.177580000000
3.140000000000 -2.177510000000
3.149315307180 -2.177580000000
3.155455307180 -2.177590000000
3.161585307180 -2.177620000000
3.167715307180 -2.177660000000
3.173845307180 -2.177720000000
3.179985307180 -2.177780000000
3.186115307180 -2.177850000000
3.192245307180 -2.177940000000
3.198385307180 -2.178040000000
3.204515307180 -2.178140000000
3.210645307180 -2.178260000000
3.216775307180 -2.178390000000
3.222915307180 -2.178520000000
3.229045307180 -2.178670000000
3.235175307180 -2.178830000000
3.241305307180 -2.178990000000
3.247445307180 -2.179170000000
3.253575307180 -2.179350000000
3.259705307180 -2.179540000000
3.265845307180 -2.179740000000
3.271975307180 -2.179950000000
3.278105307180 -2.180160000000
3.284235307180 -2.180390000000
3.290375307180 -2.180620000000
3.296505307180 -2.180860000000
3.302635307180 -2.181110000000
3.308775307180 -2.181360000000
3.314905307180 -2.181620000000
3.321035307180 -2.181890000000
3.327165307180 -2.182180000000
3.333305307180 -2.182470000000
3.339435307180 -2.182720000000
3.345565307180 -2.183060000000
3.351705307180 -2.183340000000
3.357835307180 -2.183620000000
3.363965307180 -2.183910000000
3.370095307180 -2.184220000000
3.376235307180 -2.184550000000
3.382365307180 -2.184920000000
3.388495307180 -2.185300000000
3.394635307180 -2.185710000000
3.400765307180 -2.186120000000
3.406895307180 -2.186530000000
3.413025307180 -2.186930000000
3.419165307180 -2.187300000000
3.425295307180 -2.187660000000
3.431425307180 -2.187990000000
3.437555307180 -2.188310000000
3.443695307180 -2.188600000000
3.449825307180 -2.188890000000
3.455955307180 -2.189170000000
3.462095307180 -2.189460000000
3.468225307180 -2.189770000000
3.474355307180 -2.190110000000
3.480485307180 -2.190490000000
3.486625307180 -2.190920000000
3.492755307180 -2.191390000000
3.498885307180 -2.191910000000
3.505025307180 -2.192470000000
3.511155307180 -2.193070000000
3.517285307180 -2.193690000000
3.523415307180 -2.194340000000
3.529555307180 -2.195000000000
3.535685307180 -2.195660000000
3.541815307180 -2.196340000000
3.547955307180 -2.197010000000
3.554085307180 -2.197680000000
3.560215307180 -2.198340000000
3.566345307180 -2.198990000000
3.572485307180 -2.199630000000
3.578615307180 -2.200260000000
3.584745307180 -2.200870000000
3.590885307180 -2.201480000000
3.597015307180 -2.202070000000
3.603145307180 -2.202650000000
3.609275307180 -2.203200000000
3.615415307180 -2.203720000000
3.621545307180 -2.204210000000
3.627675307180 -2.204670000000
3.633805307180 -2.205080000000
3.639945307180 -2.205460000000
3.646075307180 -2.205800000000
3.652205307180 -2.206110000000
3.658345307180 -2.206380000000
3.664475307180 -2.206610000000
3.670605307180 -2.206820000000
3.676735307180 -2.207000000000
3.682875307180 -2.207160000000
3.689005307180 -2.207310000000
3.695135307180 -2.207450000000
3.701275307180 -2.207610000000
3.707405307180 -2.207780000000
3.713535307180 -2.207990000000
3.719665307180 -2.208230000000
3.725805307180 -2.208530000000
3.731935307180 -2.208860000000
3.738065307180 -2.209240000000
3.744205307180 -2.209660000000
3.750335307180 -2.210100000000
3.756465307180 -2.210570000000
3.762595307180 -2.211080000000
3.768735307180 -2.211610000000
3.774865307180 -2.212180000000
3.780995307180 -2.212770000000
3.787135307180 -2.213390000000
3.793265307180 -2.214040000000
3.799395307180 -2.214720000000
3.805525307180 -2.215430000000
3.811665307180 -2.216170000000
3.817795307180 -2.216940000000
3.823925307180 -2.217730000000
3.830065307180 -2.218550000000
3.836195307180 -2.219410000000
3.842325307180 -2.220290000000
3.848455307180 -2.221210000000
3.854595307180 -2.222150000000
3.860725307180 -2.223130000000
3.866855307180 -2.224120000000
3.872985307180 -2.225140000000
3.879125307180 -2.226170000000
3.885255307180 -2.227210000000
3.891385307180 -2.228260000000
3.897525307180 -2.229320000000
3.903655307180 -2.230390000000
3.909785307180 -2.231470000000
3.915915307180 -2.232560000000
3.922055307180 -2.233660000000
3.928185307180 -2.234780000000
3.934315307180 -2.235910000000
3.940455307180 -2.237060000000
3.946585307180 -2.238220000000
3.952715307180 -2.239410000000
3.958845307180 -2.240600000000
3.964985307180 -2.241810000000
3.971115307180 -2.243040000000
3.977245307180 -2.244270000000
3.983385307180 -2.245520000000
3.989515307180 -2.246790000000
3.995645307180 -2.248060000000
4.001775307180 -2.249340000000
4.007915307180 -2.250640000000
4.014045307180 -2.251940000000
4.020175307180 -2.253250000000
4.026315307180 -2.254580000000
4.032445307180 -2.255900000000
4.038575307180 -2.257240000000
4.044705307180 -2.258580000000
4.050845307180 -2.259930000000
4.056975307180 -2.261280000000
4.063105307180 -2.262640000000
4.069235307180 -2.264000000000
4.075375307180 -2.265370000000
4.081505307180 -2.266730000000
4.087635307180 -2.268100000000
4.093775307180 -2.269480000000
4.099905307180 -2.270850000000
4.106035307180 -2.272220000000
4.112165307180 -2.273600000000
4.118305307180 -2.274970000000
4.124435307180 -2.276350000000
4.130565307180 -2.277720000000
4.136705307180 -2.279100000000
4.142835307180 -2.280480000000
4.148965307180 -2.281850000000
4.155095307180 -2.283220000000
4.161235307180 -2.284600000000
4.167365307180 -2.285980000000
4.173495307180 -2.287350000000
4.179635307180 -2.288730000000
4.185765307180 -2.290110000000
4.191895307180 -2.291490000000
4.198025307180 -2.292870000000
4.204165307180 -2.294240000000
4.210295307180 -2.295610000000
4.216425307180 -2.296980000000
4.222565307180 -2.298330000000
4.228695307180 -2.299660000000
4.234825307180 -2.300990000000
4.240955307180 -2.302290000000
4.247095307180 -2.303580000000
4.253225307180 -2.304860000000
4.259355307180 -2.306120000000
4.265485307180 -2.307370000000
4.271625307180 -2.308600000000
4.277755307180 -2.309810000000
4.283885307180 -2.311020000000
4.290025307180 -2.312200000000
4.296155307180 -2.313380000000
4.302285307180 -2.314540000000
4.308415307180 -2.315690000000
4.314555307180 -2.316830000000
4.320685307180 -2.317950000000
4.326815307180 -2.319060000000
4.332955307180 -2.320160000000
4.339085307180 -2.321250000000
4.345215307180 -2.322330000000
4.351345307180 -2.323390000000
4.357485307180 -2.324450000000
4.363615307180 -2.325490000000
4.369745307180 -2.326520000000
4.375885307180 -2.327540000000
4.382015307180 -2.328560000000
4.388145307180 -2.329560000000
4.394275307180 -2.330550000000
4.400415307180 -2.331530000000
4.406545307180 -2.332500000000
4.412675307180 -2.333460000000
4.418805307180 -2.334410000000
4.424945307180 -2.335350000000
4.431075307180 -2.336280000000
4.437205307180 -2.337200000000
4.443345307180 -2.338110000000
4.449475307180 -2.339010000000
4.455605307180 -2.339900000000
4.461735307180 -2.340790000000
4.467875307180 -2.341660000000
4.474005307180 -2.342520000000
4.480135307180 -2.343370000000
4.486275307180 -2.344220000000
4.492405307180 -2.345050000000
4.498535307180 -2.345880000000
4.504665307180 -2.346690000000
4.510805307180 -2.347500000000
4.516935307180 -2.348290000000
4.523065307180 -2.349080000000
4.529205307180 -2.349850000000
4.535335307180 -2.350620000000
4.541465307180 -2.351380000000
4.547595307180 -2.352120000000
4.553735307180 -2.352860000000
4.559865307180 -2.353590000000
4.565995307180 -2.354300000000
4.572135307180 -2.355010000000
4.578265307180 -2.355710000000
4.584395307180 -2.356400000000
4.590525307180 -2.357080000000
4.596665307180 -2.357740000000
4.602795307180 -2.358400000000
4.608925307180 -2.359050000000
4.615055307180 -2.359690000000
4.621195307180 -2.360310000000
4.627325307180 -2.360930000000
4.633455307180 -2.361540000000
4.639595307180 -2.362130000000
4.645725307180 -2.362720000000
4.651855307180 -2.363290000000
4.657985307180 -2.363860000000
4.664125307180 -2.364410000000
4.670255307180 -2.364960000000
4.676385307180 -2.365490000000
4.682525307180 -2.366010000000
4.688655307180 -2.366520000000
4.694785307180 -2.367020000000
4.700915307180 -2.367510000000
4.707055307180 -2.367990000000
4.713185307180 -2.368460000000
4.719315307180 -2.368920000000
4.725455307180 -2.369360000000
4.731585307180 -2.369800000000
4.737715307180 -2.370230000000
4.743845307180 -2.370640000000
4.749985307180 -2.371040000000
4.756115307180 -2.371430000000
4.762245307180 -2.371810000000
4.768385307180 -2.372180000000
4.774515307180 -2.372540000000
4.780645307180 -2.372890000000
4.786775307180 -2.373230000000
4.792915307180 -2.373550000000
4.799045307180 -2.373860000000
4.805175307180 -2.374170000000
4.811305307180 -2.374460000000
4.817445307180 -2.374740000000
4.823575307180 -2.375010000000
4.829705307180 -2.375260000000
4.835845307180 -2.375510000000
4.841975307180 -2.375740000000
4.848105307180 -2.375970000000
4.854235307180 -2.376180000000
4.860375307180 -2.376380000000
4.866505307180 -2.376570000000
4.872635307180 -2.376740000000
4.878775307180 -2.376910000000
4.884905307180 -2.377060000000
4.891035307180 -2.377200000000
4.897165307180 -2.377330000000
4.903305307180 -2.377450000000
4.909435307180 -2.377550000000
4.915565307180 -2.377650000000
4.921705307180 -2.377730000000
4.927835307180 -2.377800000000
4.933965307180 -2.377860000000
4.940095307180 -2.377900000000
4.946235307180 -2.377940000000
4.952365307180 -2.377960000000
4.958495307180 -2.377970000000
4.964635307180 -2.377960000000
4.970765307180 -2.377950000000
4.976895307180 -2.377920000000
4.983025307180 -2.377880000000
4.989165307180 -2.377820000000
4.995295307180 -2.377760000000
5.001425307180 -2.377680000000
5.007555307180 -2.377590000000
5.013695307180 -2.377480000000
5.019825307180 -2.377370000000
5.025955307180 -2.377240000000
5.032095307180 -2.377090000000
5.038225307180 -2.376940000000
5.044355307180 -2.376770000000
5.050485307180 -2.376590000000
5.056625307180 -2.376390000000
5.062755307180 -2.376180000000
5.068885307180 -2.375960000000
5.075025307180 -2.375730000000
5.081155307180 -2.375480000000
5.087285307180 -2.375220000000
5.093415307180 -2.374940000000
5.099555307180 -2.374650000000
5.105685307180 -2.374350000000
5.111815307180 -2.374040000000
5.117955307180 -2.373710000000
5.124085307180 -2.373360000000
5.130215307180 -2.373000000000
5.136345307180 -2.372630000000
5.142485307180 -2.372250000000
5.148615307180 -2.371850000000
5.154745307180 -2.371430000000
5.160885307180 -2.371000000000
5.167015307180 -2.370560000000
5.173145307180 -2.370100000000
5.179275307180 -2.369630000000
5.185415307180 -2.369150000000
5.191545307180 -2.368640000000
5.197675307180 -2.368130000000
5.203815307180 -2.367600000000
5.209945307180 -2.367050000000
5.216075307180 -2.366490000000
5.222205307180 -2.365910000000
5.228345307180 -2.365320000000
5.234475307180 -2.364710000000
5.240605307180 -2.364080000000
5.246735307180 -2.363440000000
5.252875307180 -2.362780000000
5.259005307180 -2.362100000000
5.265135307180 -2.361410000000
5.271275307180 -2.360700000000
5.277405307180 -2.359960000000
5.283537307180 -2.359210000000
5.289669307180 -2.358440000000
5.295802307180 -2.357650000000
5.301935307180 -2.356840000000
5.308068307180 -2.356010000000
5.314201307180 -2.355150000000
5.320333307180 -2.354270000000
5.326466307180 -2.353370000000
5.332599307180 -2.352430000000
5.338732307180 -2.351470000000
5.344865307180 -2.350480000000
5.350997307180 -2.349460000000
5.357130307180 -2.348410000000
5.363263307180 -2.347330000000
5.369396307180 -2.346210000000
5.375529307180 -2.345050000000
5.381662307180 -2.343860000000
5.387794307180 -2.342630000000
5.393927307180 -2.341370000000
5.400060307180 -2.340080000000
5.406193307180 -2.338760000000
5.412326307180 -2.337420000000
5.418458307180 -2.336060000000
5.424591307180 -2.334710000000
5.430724307180 -2.333380000000
5.436857307180 -2.332080000000
5.442990307180 -2.330850000000
5.449122307180 -2.329710000000
5.455255307180 -2.328710000000
5.461388307180 -2.327860000000
5.467521307180 -2.327230000000
5.473654307180 -2.326820000000
5.479787307180 -2.326680000000
5.485919307180 -2.326820000000
5.492052307180 -2.327250000000
5.498185307180 -2.327960000000
5.504318307180 -2.328940000000
5.510451307180 -2.330140000000
5.516583307180 -2.331530000000
5.522716307180 -2.333070000000
5.528849307180 -2.334710000000
5.534982307180 -2.336420000000
5.541115307180 -2.338150000000
5.547247307180 -2.339870000000
5.553380307180 -2.341560000000
5.559513307180 -2.343190000000
5.565646307180 -2.344760000000
5.571779307180 -2.346250000000
5.577912307180 -2.347660000000
5.584044307180 -2.348980000000
5.590177307180 -2.350210000000
5.596310307180 -2.351360000000
5.602443307180 -2.352410000000
5.608576307180 -2.353390000000
5.614708307180 -2.354270000000
5.620841307180 -2.355080000000
5.626974307180 -2.355800000000
5.633107307180 -2.356450000000
5.639240307180 -2.357020000000
5.645372307180 -2.357520000000
5.651505307180 -2.357930000000
5.657638307180 -2.358280000000
5.663771307180 -2.358550000000
5.669904307180 -2.358750000000
5.676037307180 -2.358880000000
5.682169307180 -2.358940000000
5.688302307180 -2.358920000000
5.694435307180 -2.358820000000
5.700568307180 -2.358650000000
5.706701307180 -2.358400000000
5.712833307180 -2.358070000000
5.718966307180 -2.357660000000
5.725099307180 -2.357160000000
5.731232307180 -2.356570000000
5.737365307180 -2.355880000000
5.743498307180 -2.355090000000
5.749630307180 -2.354190000000
5.755763307180 -2.353190000000
5.761896307180 -2.352090000000
5.768029307180 -2.350890000000
5.774162307180 -2.349620000000
5.780294307180 -2.348320000000
5.786427307180 -2.347060000000
5.792560307180 -2.345920000000
5.798693307180 -2.345020000000
5.804826307180 -2.344450000000
5.810958307180 -2.344310000000
5.817091307180 -2.344640000000
5.823224307180 -2.345410000000
5.829357307180 -2.346510000000
5.835490307180 -2.347840000000
5.841622307180 -2.349250000000
5.847755307180 -2.350630000000
5.853888307180 -2.351900000000
5.860021307180 -2.353010000000
5.866154307180 -2.353930000000
5.872287307180 -2.354640000000
5.878419307180 -2.355130000000
5.884552307180 -2.355410000000
5.890685307180 -2.355460000000
5.896818307180 -2.355300000000
5.902951307180 -2.354910000000
5.909083307180 -2.354290000000
5.915216307180 -2.353450000000
5.921349307180 -2.352440000000
5.927482307180 -2.351320000000
5.933615307180 -2.350240000000
5.939747307180 -2.349410000000
5.945880307180 -2.349040000000
5.952013307180 -2.349250000000
5.958146307180 -2.349990000000
5.964279307180 -2.351040000000
5.970412307180 -2.352150000000
5.976544307180 -2.353090000000
5.982677307180 -2.353710000000
5.988810307180 -2.353950000000
5.994943307180 -2.353770000000
6.001076307180 -2.353210000000
6.007208307180 -2.352380000000
6.013341307180 -2.351510000000
6.019474307180 -2.350940000000
6.025607307180 -2.350980000000
6.031740307180 -2.351590000000
6.037872307180 -2.352410000000
6.044005307180 -2.353030000000
6.050138307180 -2.353180000000
6.056271307180 -2.352800000000
6.062404307180 -2.352160000000
6.068537307180 -2.351730000000
6.074669307180 -2.351890000000
6.080802307180 -2.352450000000
6.086935307180 -2.352810000000
6.093068307180 -2.352650000000
6.099201307180 -2.352220000000
6.105333307180 -2.352150000000
6.111466307180 -2.352500000000
6.117599307180 -2.352630000000
6.123732307180 -2.352380000000
6.129865307180 -2.352360000000
6.135998307180 -2.352570000000
6.142130307180 -2.352470000000
6.148263307180 -2.352450000000
6.154396307180 -2.352540000000
6.160529307180 -2.352470000000
6.166662307180 -2.352530000000
6.172794307180 -2.352500000000
6.178927307180 -2.352530000000
6.185060307180 -2.352530000000
6.191193107180 -2.352530000000
6.197325907180 -2.352540000000
6.203458707180 -2.352550000000
6.209591607180 -2.352550000000
6.215724407180 -2.352560000000
6.221857207180 -2.352560000000
6.227990007180 -2.352560000000
6.234122807180 -2.352570000000
6.240255607180 -2.352570000000
6.246388407180 -2.352570000000
6.252521207180 -2.352570000000
6.258654007180 -2.352580000000
6.264786907180 -2.352580000000
6.270919707180 -2.352580000000
6.277052497180 -2.352580000000
6.283185307180 -2.352490000000
