0.000000000000 -2.693100000000
0.006132810000 -2.693000000000
0.012265600000 -2.693000000000
0.018398400000 -2.693000000000
0.024531300000 -2.693000000000
0.030664100000 -2.692990000000
0.036796900000 -2.692990000000
0.042929700000 -2.692980000000
0.049062500000 -2.692980000000
0.055195300000 -2.692970000000
0.061328100000 -2.692960000000
0.067460900000 -2.692950000000
0.073593700000 -2.692940000000
0.079726600000 -2.692930000000
0.085859400000 -2.692920000000
0.091992200000 -2.692910000000
0.098125000000 -2.692890000000
0.104258000000 -2.692900000000
0.110391000000 -2.692850000000
0.116523000000 -2.692870000000
0.122656000000 -2.692870000000
0.128789000000 -2.692740000000
0.134922000000 -2.692820000000
0.141055000000 -2.692910000000
0.147187000000 -2.692720000000
0.153320000000 -2.692540000000
0.159453000000 -2.692700000000
0.165586000000 -2.692960000000
0.171719000000 -2.692950000000
0.177852000000 -2.692600000000
0.183984000000 -2.692200000000
0.190117000000 -2.692130000000
0.196250000000 -2.692460000000
0.202383000000 -2.692940000000
0.208516000000 -2.693250000000
0.214648000000 -2.693230000000
0.220781000000 -2.692840000000
0.226914000000 -2.692200000000
0.233047000000 -2.691530000000
0.239180000000 -2.691100000000
0.245313000000 -2.691090000000
0.251445000000 -2.691490000000
0.257578000000 -2.692160000000
0.263711000000 -2.692870000000
0.269844000000 -2.693470000000
0.275977000000 -2.693870000000
0.282109000000 -2.694020000000
0.288242000000 -2.693920000000
0.294375000000 -2.693570000000
0.300508000000 -2.692980000000
0.306641000000 -2.692190000000
0.312773000000 -2.691250000000
0.318906000000 -2.690260000000
0.325039000000 -2.689330000000
0.331172000000 -2.688600000000
0.337305000000 -2.688180000000
0.343438000000 -2.688140000000
0.349570000000 -2.688460000000
0.355703000000 -2.689090000000
0.361836000000 -2.689900000000
0.367969000000 -2.690810000000
0.374102000000 -2.691720000000
0.380234000000 -2.692570000000
0.386367000000 -2.693340000000
0.392500000000 -2.694010000000
0.398633000000 -2.694560000000
0.404766000000 -2.695010000000
0.410898000000 -2.695340000000
0.417031000000 -2.695570000000
0.423164000000 -2.695700000000
0.429297000000 -2.695730000000
0.435430000000 -2.695670000000
0.441563000000 -2.695510000000
0.447695000000 -2.695260000000
0.453828000000 -2.694910000000
0.459961000000 -2.694470000000
0.466094000000 -2.693940000000
0.472227000000 -2.693310000000
0.478359000000 -2.692580000000
0.484492000000 -2.691760000000
0.490625000000 -2.690830000000
0.496758000000 -2.689820000000
0.502891000000 -2.688710000000
0.509023000000 -2.687530000000
0.515156000000 -2.686270000000
0.521289000000 -2.684970000000
0.527422000000 -2.683640000000
0.533555000000 -2.682320000000
0.539687000000 -2.681040000000
0.545820000000 -2.679870000000
0.551953000000 -2.678830000000
0.558086000000 -2.677980000000
0.564219000000 -2.677360000000
0.570352000000 -2.676980000000
0.576484000000 -2.676860000000
0.582617000000 -2.676990000000
0.588750000000 -2.677350000000
0.594883000000 -2.677900000000
0.601016000000 -2.678610000000
0.607148000000 -2.679450000000
0.613281000000 -2.680360000000
0.619414000000 -2.681340000000
0.625547000000 -2.682330000000
0.631680000000 -2.683340000000
0.637813000000 -2.684330000000
0.643945000000 -2.685300000000
0.650078000000 -2.686250000000
0.656211000000 -2.687160000000
0.662344000000 -2.688040000000
0.668477000000 -2.688880000000
0.674609000000 -2.689680000000
0.680742000000 -2.690440000000
0.686875000000 -2.691180000000
0.693008000000 -2.691870000000
0.699141000000 -2.692540000000
0.705273000000 -2.693180000000
0.711406000000 -2.693780000000
0.717539000000 -2.694360000000
0.723672000000 -2.694920000000
0.729805000000 -2.695440000000
0.735938000000 -2.695950000000
0.742070000000 -2.696430000000
0.748203000000 -2.696890000000
0.754336000000 -2.697320000000
0.760469000000 -2.697740000000
0.766602000000 -2.698140000000
0.772734000000 -2.698510000000
0.778867000000 -2.698870000000
0.785000000000 -2.699210000000
0.791133000000 -2.699520000000
0.797266000000 -2.699820000000
0.803398000000 -2.700110000000
0.809531000000 -2.700370000000
0.815664000000 -2.700620000000
0.821797000000 -2.700840000000
0.827930000000 -2.701060000000
0.834063000000 -2.701250000000
0.840195000000 -2.701430000000
0.846328000000 -2.701590000000
0.852461000000 -2.701730000000
0.858594000000 -2.701850000000
0.864727000000 -2.701960000000
0.870859000000 -2.702060000000
0.876992000000 -2.702130000000
0.883125000000 -2.702190000000
0.889258000000 -2.702230000000
0.895391000000 -2.702260000000
0.901523000000 -2.702270000000
0.907656000000 -2.702260000000
0.913789000000 -2.702240000000
0.919922000000 -2.702200000000
0.926055000000 -2.702150000000
0.932188000000 -2.702080000000
0.938320000000 -2.701990000000
0.944453000000 -2.701890000000
0.950586000000 -2.701770000000
0.956719000000 -2.701640000000
0.962852000000 -2.701490000000
0.968984000000 -2.701330000000
0.975117000000 -2.701140000000
0.981250000000 -2.700950000000
0.987383000000 -2.700740000000
0.993516000000 -2.700510000000
0.999648000000 -2.700270000000
1.005780000000 -2.700010000000
1.011910000000 -2.699740000000
1.018050000000 -2.699450000000
1.024180000000 -2.699150000000
1.030310000000 -2.698830000000
1.036450000000 -2.698500000000
1.042580000000 -2.698150000000
1.048710000000 -2.697790000000
1.054840000000 -2.697410000000
1.060980000000 -2.697020000000
1.067110000000 -2.696610000000
1.073240000000 -2.696190000000
1.079370000000 -2.695750000000
1.085510000000 -2.695300000000
1.091640000000 -2.694830000000
1.097770000000 -2.694350000000
1.103910000000 -2.693860000000
1.110040000000 -2.693350000000
1.116170000000 -2.692830000000
1.122300000000 -2.692290000000
1.128440000000 -2.691740000000
1.134570000000 -2.691170000000
1.140700000000 -2.690590000000
1.146840000000 -2.690000000000
1.152970000000 -2.689390000000
1.159100000000 -2.688770000000
1.165230000000 -2.688130000000
1.171370000000 -2.687480000000
1.177500000000 -2.686820000000
1.183630000000 -2.686140000000
1.189770000000 -2.685450000000
1.195900000000 -2.684740000000
1.202030000000 -2.684030000000
1.208160000000 -2.683290000000
1.214300000000 -2.682550000000
1.220430000000 -2.681790000000
1.226560000000 -2.681020000000
1.232700000000 -2.680230000000
1.238830000000 -2.679430000000
1.244960000000 -2.678620000000
1.251090000000 -2.677790000000
1.257230000000 -2.676950000000
1.263360000000 -2.676100000000
1.269490000000 -2.675230000000
1.275630000000 -2.674350000000
1.281760000000 -2.673460000000
1.287890000000 -2.672560000000
1.294020000000 -2.671640000000
1.300160000000 -2.670700000000
1.306290000000 -2.669760000000
1.312420000000 -2.668800000000
1.318550000000 -2.667830000000
1.324690000000 -2.666850000000
1.330820000000 -2.665850000000
1.336950000000 -2.664840000000
1.343090000000 -2.663820000000
1.349220000000 -2.662780000000
1.355350000000 -2.661730000000
1.361480000000 -2.660670000000
1.367620000000 -2.659590000000
1.373750000000 -2.658510000000
1.379880000000 -2.657400000000
1.386020000000 -2.656290000000
1.392150000000 -2.655160000000
1.398280000000 -2.654020000000
1.404410000000 -2.652870000000
1.410550000000 -2.651700000000
1.416680000000 -2.650520000000
1.422810000000 -2.649330000000
1.428950000000 -2.648120000000
1.435080000000 -2.646900000000
1.441210000000 -2.645670000000
1.447340000000 -2.644430000000
1.453480000000 -2.643170000000
1.459610000000 -2.641890000000
1.465740000000 -2.640610000000
1.471880000000 -2.639310000000
1.478010000000 -2.637990000000
1.484140000000 -2.636660000000
1.490270000000 -2.635320000000
1.496410000000 -2.633970000000
1.502540000000 -2.632590000000
1.508670000000 -2.631210000000
1.514800000000 -2.629810000000
1.520940000000 -2.628400000000
1.527070000000 -2.626970000000
1.533200000000 -2.625530000000
1.539340000000 -2.624070000000
1.545470000000 -2.622600000000
1.551600000000 -2.621110000000
1.557730000000 -2.619600000000
1.563870000000 -2.618090000000
1.570000000000 -2.616550000000
1.576130000000 -2.615000000000
1.582270000000 -2.613440000000
1.588400000000 -2.611860000000
1.594530000000 -2.610270000000
1.600660000000 -2.608660000000
1.606800000000 -2.607030000000
1.612930000000 -2.605390000000
1.619060000000 -2.603740000000
1.625200000000 -2.602070000000
1.631330000000 -2.600390000000
1.637460000000 -2.598700000000
1.643590000000 -2.596990000000
1.649730000000 -2.595280000000
1.655860000000 -2.593550000000
1.661990000000 -2.591810000000
1.668130000000 -2.590070000000
1.674260000000 -2.588320000000
1.680390000000 -2.586570000000
1.686520000000 -2.584810000000
1.692660000000 -2.583050000000
1.698790000000 -2.581290000000
1.704920000000 -2.579540000000
1.711050000000 -2.577790000000
1.717190000000 -2.576060000000
1.723320000000 -2.574340000000
1.729450000000 -2.572640000000
1.735590000000 -2.570950000000
1.741720000000 -2.569300000000
1.747850000000 -2.567670000000
1.753980000000 -2.566070000000
1.760120000000 -2.564510000000
1.766250000000 -2.562990000000
1.772380000000 -2.561510000000
1.778520000000 -2.560080000000
1.784650000000 -2.558700000000
1.790780000000 -2.557370000000
1.796910000000 -2.556090000000
1.803050000000 -2.554870000000
1.809180000000 -2.553710000000
1.815310000000 -2.552600000000
1.821450000000 -2.551550000000
1.827580000000 -2.550550000000
1.833710000000 -2.549590000000
1.839840000000 -2.548680000000
1.845980000000 -2.547810000000
1.852110000000 -2.546960000000
1.858240000000 -2.546130000000
1.864380000000 -2.545310000000
1.870510000000 -2.544490000000
1.876640000000 -2.543670000000
1.882770000000 -2.542850000000
1.888910000000 -2.542020000000
1.895040000000 -2.541180000000
1.901170000000 -2.540340000000
1.907300000000 -2.539500000000
1.913440000000 -2.538660000000
1.919570000000 -2.537830000000
1.925700000000 -2.537010000000
1.931840000000 -2.536210000000
1.937970000000 -2.535430000000
1.944100000000 -2.534670000000
1.950230000000 -2.533940000000
1.956370000000 -2.533230000000
1.962500000000 -2.532530000000
1.968630000000 -2.531860000000
1.974770000000 -2.531200000000
1.980900000000 -2.530550000000
1.987030000000 -2.529930000000
1.993160000000 -2.529320000000
1.999300000000 -2.528720000000
2.005430000000 -2.528150000000
2.011560000000 -2.527590000000
2.017700000000 -2.527050000000
2.023830000000 -2.526530000000
2.029960000000 -2.526020000000
2.036090000000 -2.525530000000
2.042230000000 -2.525060000000
2.048360000000 -2.524610000000
2.054490000000 -2.524170000000
2.060620000000 -2.523750000000
2.066760000000 -2.523340000000
2.072890000000 -2.522950000000
2.079020000000 -2.522580000000
2.085160000000 -2.522220000000
2.091290000000 -2.521870000000
2.097420000000 -2.521540000000
2.103550000000 -2.521220000000
2.109690000000 -2.520920000000
2.115820000000 -2.520630000000
2.121950000000 -2.520350000000
2.128090000000 -2.520080000000
2.134220000000 -2.519820000000
2.140350000000 -2.519580000000
2.146480000000 -2.519340000000
2.152620000000 -2.519110000000
2.158750000000 -2.518900000000
2.164880000000 -2.518690000000
2.171020000000 -2.518480000000
2.177150000000 -2.518290000000
2.183280000000 -2.518110000000
2.189410000000 -2.517930000000
2.195550000000 -2.517760000000
2.201680000000 -2.517590000000
2.207810000000 -2.517430000000
2.213950000000 -2.517280000000
2.220080000000 -2.517130000000
2.226210000000 -2.516990000000
2.232340000000 -2.516850000000
2.238480000000 -2.516720000000
2.244610000000 -2.516600000000
2.250740000000 -2.516490000000
2.256870000000 -2.516400000000
2.263010000000 -2.516320000000
2.269140000000 -2.516250000000
2.275270000000 -2.516190000000
2.281410000000 -2.516130000000
2.287540000000 -2.516080000000
2.293670000000 -2.516030000000
2.299800000000 -2.515970000000
2.305940000000 -2.515910000000
2.312070000000 -2.515830000000
2.318200000000 -2.515750000000
2.324340000000 -2.515650000000
2.330470000000 -2.515530000000
2.336600000000 -2.515400000000
2.342730000000 -2.515260000000
2.348870000000 -2.515090000000
2.355000000000 -2.514910000000
2.361130000000 -2.514720000000
2.367270000000 -2.514510000000
2.373400000000 -2.514290000000
2.379530000000 -2.514060000000
2.385660000000 -2.513820000000
2.391800000000 -2.513580000000
2.397930000000 -2.513330000000
2.404060000000 -2.513090000000
2.410200000000 -2.512840000000
2.416330000000 -2.512600000000
2.422460000000 -2.512370000000
2.428590000000 -2.512140000000
2.434730000000 -2.511930000000
2.440860000000 -2.511730000000
2.446990000000 -2.511540000000
2.453120000000 -2.511370000000
2.459260000000 -2.511220000000
2.465390000000 -2.511090000000
2.471520000000 -2.510970000000
2.477660000000 -2.510880000000
2.483790000000 -2.510810000000
2.489920000000 -2.510760000000
2.496050000000 -2.510720000000
2.502190000000 -2.510710000000
2.508320000000 -2.510720000000
2.514450000000 -2.510750000000
2.520590000000 -2.510790000000
2.526720000000 -2.510860000000
2.532850000000 -2.510950000000
2.538980000000 -2.511050000000
2.545120000000 -2.511180000000
2.551250000000 -2.511330000000
2.557380000000 -2.511490000000
2.563520000000 -2.511680000000
2.569650000000 -2.511880000000
2.575780000000 -2.512100000000
2.581910000000 -2.512340000000
2.588050000000 -2.512600000000
2.594180000000 -2.512880000000
2.600310000000 -2.513170000000
2.606450000000 -2.513480000000
2.612580000000 -2.513800000000
2.618710000000 -2.514130000000
2.624840000000 -2.514470000000
2.630980000000 -2.514820000000
2.637110000000 -2.515180000000
2.643240000000 -2.515550000000
2.649380000000 -2.515920000000
2.655510000000 -2.516300000000
2.661640000000 -2.516680000000
2.667770000000 -2.517070000000
2.673910000000 -2.517450000000
2.680040000000 -2.517840000000
2.686170000000 -2.518220000000
2.692300000000 -2.518600000000
2.698440000000 -2.518980000000
2.704570000000 -2.519360000000
2.710700000000 -2.519730000000
2.716840000000 -2.520100000000
2.722970000000 -2.520460000000
2.729100000000 -2.520810000000
2.735230000000 -2.521160000000
2.741370000000 -2.521490000000
2.747500000000 -2.521820000000
2.753630000000 -2.522130000000
2.759770000000 -2.522430000000
2.765900000000 -2.522710000000
2.772030000000 -2.522990000000
2.778160000000 -2.523240000000
2.784300000000 -2.523480000000
2.790430000000 -2.523700000000
2.796560000000 -2.523900000000
2.802700000000 -2.524080000000
2.808830000000 -2.524240000000
2.814960000000 -2.524380000000
2.821090000000 -2.524490000000
2.827230000000 -2.524580000000
2.833360000000 -2.524650000000
2.839490000000 -2.524690000000
2.845630000000 -2.524710000000
2.851760000000 -2.524700000000
2.857890000000 -2.524670000000
2.864020000000 -2.524620000000
2.870160000000 -2.524540000000
2.876290000000 -2.524430000000
2.882420000000 -2.524310000000
2.888550000000 -2.524170000000
2.894690000000 -2.524010000000
2.900820000000 -2.523850000000
2.906950000000 -2.523680000000
2.913090000000 -2.523500000000
2.919220000000 -2.523330000000
2.925350000000 -2.523180000000
2.931480000000 -2.523030000000
2.937620000000 -2.522920000000
2.943750000000 -2.522820000000
2.949880000000 -2.522760000000
2.956020000000 -2.522730000000
2.962150000000 -2.522730000000
2.968280000000 -2.522760000000
2.974410000000 -2.522810000000
2.980550000000 -2.522870000000
2.986680000000 -2.522930000000
2.992810000000 -2.522990000000
2.998950000000 -2.523030000000
3.005080000000 -2.523060000000
3.011210000000 -2.523080000000
3.017340000000 -2.523080000000
3.023480000000 -2.523080000000
3.029610000000 -2.523080000000
3.035740000000 -2.523080000000
3.041880000000 -2.523090000000
3.048010000000 -2.523100000000
3.054140000000 -2.523110000000
3.060270000000 -2.523120000000
3.066410000000 -2.523120000000
3.072540000000 -2.523130000000
3.078670000000 -2.523130000000
3.084800000000 -2.523140000000
3.090940000000 -2.523140000000
3.097070000000 -2.523150000000
3.103200000000 -2.523150000000
3.109340000000 -2.523150000000
3.115470000000 -2.523160000000
3.121600000000 -2.523160000000
3.127730000000 -2.523160000000
3.133870000000 -2.523160000000
3.140000000000 -2.523170000000
3.149315307180 -2.523160000000
3.155455307180 -2.523160000000
3.161585307180 -2.523160000000
3.167715307180 -2.523160000000
3.173845307180 -2.523150000000
3.179985307180 -2.523150000000
3.186115307180 -2.523150000000
3.192245307180 -2.523140000000
3.198385307180 -2.523140000000
3.204515307180 -2.523130000000
3.210645307180 -2.523130000000
3.216775307180 -2.523120000000
3.222915307180 -2.523120000000
3.229045307180 -2.523110000000
3.235175307180 -2.523100000000
3.241305307180 -2.523090000000
3.247445307180 -2.523080000000
3.253575307180 -2.523080000000
3.259705307180 -2.523080000000
3.265845307180 -2.523080000000
3.271975307180 -2.523080000000
3.278105307180 -2.523060000000
3.284235307180 -2.523030000000
3.290375307180 -2.522990000000
3.296505307180 -2.522930000000
3.302635307180 -2.522870000000
3.308775307180 -2.522810000000
3.314905307180 -2.522760000000
3.321035307180 -2.522730000000
3.327165307180 -2.522730000000
3.333305307180 -2.522760000000
3.339435307180 -2.522820000000
3.345565307180 -2.522920000000
3.351705307180 -2.523030000000
3.357835307180 -2.523180000000
3.363965307180 -2.523330000000
3.370095307180 -2.523500000000
3.376235307180 -2.523680000000
3.382365307180 -2.523850000000
3.388495307180 -2.524010000000
3.394635307180 -2.524170000000
3.400765307180 -2.524310000000
3.406895307180 -2.524430000000
3.413025307180 -2.524540000000
3.419165307180 -2.524620000000
3.425295307180 -2.524670000000
3.431425307180 -2.524700000000
3.437555307180 -2.524710000000
3.443695307180 -2.524690000000
3.449825307180 -2.524650000000
3.455955307180 -2.524580000000
3.462095307180 -2.524490000000
3.468225307180 -2.524380000000
3.474355307180 -2.524240000000
3.480485307180 -2.524080000000
3.486625307180 -2.523900000000
3.492755307180 -2.523700000000
3.498885307180 -2.523480000000
3.505025307180 -2.523240000000
3.511155307180 -2.522990000000
3.517285307180 -2.522710000000
3.523415307180 -2.522430000000
3.529555307180 -2.522130000000
3.535685307180 -2.521820000000
3.541815307180 -2.521490000000
3.547955307180 -2.521160000000
3.554085307180 -2.520810000000
3.560215307180 -2.520460000000
3.566345307180 -2.520100000000
3.572485307180 -2.519730000000
3.578615307180 -2.519360000000
3.584745307180 -2.518980000000
3.590885307180 -2.518600000000
3.597015307180 -2.518220000000
3.603145307180 -2.517840000000
3.609275307180 -2.517450000000
3.615415307180 -2.517070000000
3.621545307180 -2.516680000000
3.627675307180 -2.516300000000
3.633805307180 -2.515920000000
3.639945307180 -2.515550000000
3.646075307180 -2.515180000000
3.652205307180 -2.514820000000
3.658345307180 -2.514470000000
3.664475307180 -2.514130000000
3.670605307180 -2.513800000000
3.676735307180 -2.513480000000
3.682875307180 -2.513170000000
3.689005307180 -2.512880000000
3.695135307180 -2.512600000000
3.701275307180 -2.512340000000
3.707405307180 -2.512100000000
3.713535307180 -2.511880000000
3.719665307180 -2.511680000000
3.725805307180 -2.511490000000
3.731935307180 -2.511330000000
3.738065307180 -2.511180000000
3.744205307180 -2.511050000000
3.750335307180 -2.510950000000
3.756465307180 -2.510860000000
3.762595307180 -2.510790000000
3.768735307180 -2.510750000000
3.774865307180 -2.510720000000
3.780995307180 -2.510710000000
3.787135307180 -2.510720000000
3.793265307180 -2.510760000000
3.799395307180 -2.510810000000
3.805525307180 -2.510880000000
3.811665307180 -2.510970000000
3.817795307180 -2.511090000000
3.823925307180 -2.511220000000
3.830065307180 -2.511370000000
3.836195307180 -2.511540000000
3.842325307180 -2.511730000000
3.848455307180 -2.511930000000
3.854595307180 -2.512140000000
3.860725307180 -2.512370000000
3.866855307180 -2.512600000000
3.872985307180 -2.512840000000
3.879125307180 -2.513090000000
3.885255307180 -2.513330000000
3.891385307180 -2.513580000000
3.897525307180 -2.513820000000
3.903655307180 -2.514060000000
3.909785307180 -2.514290000000
3.915915307180 -2.514510000000
3.922055307180 -2.514720000000
3.928185307180 -2.514910000000
3.934315307180 -2.515090000000
3.940455307180 -2.515260000000
3.946585307180 -2.515400000000
3.952715307180 -2.515530000000
3.958845307180 -2.515650000000
3.964985307180 -2.515750000000
3.971115307180 -2.515830000000
3.977245307180 -2.515910000000
3.983385307180 -2.515970000000
3.989515307180 -2.516030000000
3.995645307180 -2.516080000000
4.001775307180 -2.516130000000
4.007915307180 -2.516190000000
4.014045307180 -2.516250000000
4.020175307180 -2.516320000000
4.026315307180 -2.516400000000
4.032445307180 -2.516490000000
4.038575307180 -2.516600000000
4.044705307180 -2.516720000000
4.050845307180 -2.516850000000
4.056975307180 -2.516990000000
4.063105307180 -2.517130000000
4.069235307180 -2.517280000000
4.075375307180 -2.517430000000
4.081505307180 -2.517590000000
4.087635307180 -2.517760000000
4.093775307180 -2.517930000000
4.099905307180 -2.518110000000
4.106035307180 -2.518290000000
4.112165307180 -2.518480000000
4.118305307180 -2.518690000000
4.124435307180 -2.518900000000
4.130565307180 -2.519110000000
4.136705307180 -2.519340000000
4.142835307180 -2.519580000000
4.148965307180 -2.519820000000
4.155095307180 -2.520080000000
4.161235307180 -2.520350000000
4.167365307180 -2.520630000000
4.173495307180 -2.520920000000
4.179635307180 -2.521220000000
4.185765307180 -2.521540000000
4.191895307180 -2.521870000000
4.198025307180 -2.522220000000
4.204165307180 -2.522580000000
4.210295307180 -2.522950000000
4.216425307180 -2.523340000000
4.222565307180 -2.523750000000
4.228695307180 -2.524170000000
4.234825307180 -2.524610000000
4.240955307180 -2.525060000000
4.247095307180 -2.525530000000
4.253225307180 -2.526020000000
4.259355307180 -2.526530000000
4.265485307180 -2.527050000000
4.271625307180 -2.527590000000
4.277755307180 -2.528150000000
4.283885307180 -2.528720000000
4.290025307180 -2.529320000000
4.296155307180 -2.529930000000
4.302285307180 -2.530550000000
4.308415307180 -2.531200000000
4.314555307180 -2.531860000000
4.320685307180 -2.532530000000
4.326815307180 -2.533230000000
4.332955307180 -2.533940000000
4.339085307180 -2.534670000000
4.345215307180 -2.535430000000
4.351345307180 -2.536210000000
4.357485307180 -2.537010000000
4.363615307180 -2.537830000000
4.369745307180 -2.538660000000
4.375885307180 -2.539500000000
4.382015307180 -2.540340000000
4.388145307180 -2.541180000000
4.394275307180 -2.542020000000
4.400415307180 -2.542850000000
4.406545307180 -2.543670000000
4.412675307180 -2.544490000000
4.418805307180 -2.545310000000
4.424945307180 -2.546130000000
4.431075307180 -2.546960000000
4.437205307180 -2.547810000000
4.443345307180 -2.548680000000
4.449475307180 -2.549590000000
4.455605307180 -2.550550000000
4.461735307180 -2.551550000000
4.467875307180 -2.552600000000
4.474005307180 -2.553710000000
4.480135307180 -2.554870000000
4.486275307180 -2.556090000000
4.492405307180 -2.557370000000
4.498535307180 -2.558700000000
4.504665307180 -2.560080000000
4.510805307180 -2.561510000000
4.516935307180 -2.562990000000
4.523065307180 -2.564510000000
4.529205307180 -2.566070000000
4.535335307180 -2.567670000000
4.541465307180 -2.569300000000
4.547595307180 -2.570950000000
4.553735307180 -2.572640000000
4.559865307180 -2.574340000000
4.565995307180 -2.576060000000
4.572135307180 -2.577790000000
4.578265307180 -2.579540000000
4.584395307180 -2.581290000000
4.590525307180 -2.583050000000
4.596665307180 -2.584810000000
4.602795307180 -2.586570000000
4.608925307180 -2.588320000000
4.615055307180 -2.590070000000
4.621195307180 -2.591810000000
4.627325307180 -2.593550000000
4.633455307180 -2.595280000000
4.639595307180 -2.596990000000
4.645725307180 -2.598700000000
4.651855307180 -2.600390000000
4.657985307180 -2.602070000000
4.664125307180 -2.603740000000
4.670255307180 -2.605390000000
4.676385307180 -2.607030000000
4.682525307180 -2.608660000000
4.688655307180 -2.610270000000
4.694785307180 -2.611860000000
4.700915307180 -2.613440000000
4.707055307180 -2.615000000000
4.713185307180 -2.616550000000
4.719315307180 -2.618090000000
4.725455307180 -2.619600000000
4.731585307180 -2.621110000000
4.737715307180 -2.622600000000
4.743845307180 -2.624070000000
4.749985307180 -2.625530000000
4.756115307180 -2.626970000000
4.762245307180 -2.628400000000
4.768385307180 -2.629810000000
4.774515307180 -2.631210000000
4.780645307180 -2.632590000000
4.786775307180 -2.633970000000
4.792915307180 -2.635320000000
4.799045307180 -2.636660000000
4.805175307180 -2.637990000000
4.811305307180 -2.639310000000
4.817445307180 -2.640610000000
4.823575307180 -2.641890000000
4.829705307180 -2.643170000000
4.835845307180 -2.644430000000
4.841975307180 -2.645670000000
4.848105307180 -2.646900000000
4.854235307180 -2.648120000000
4.860375307180 -2.649330000000
4.866505307180 -2.650520000000
4.872635307180 -2.651700000000
4.878775307180 -2.652870000000
4.884905307180 -2.654020000000
4.891035307180 -2.655160000000
4.897165307180 -2.656290000000
4.903305307180 -2.657400000000
4.909435307180 -2.658510000000
4.915565307180 -2.659590000000
4.921705307180 -2.660670000000
4.927835307180 -2.661730000000
4.933965307180 -2.662780000000
4.940095307180 -2.663820000000
4.946235307180 -2.664840000000
4.952365307180 -2.665850000000
4.958495307180 -2.666850000000
4.964635307180 -2.667830000000
4.970765307180 -2.668800000000
4.976895307180 -2.669760000000
4.983025307180 -2.670700000000
4.989165307180 -2.671640000000
4.995295307180 -2.672560000000
5.001425307180 -2.673460000000
5.007555307180 -2.674350000000
5.013695307180 -2.675230000000
5.019825307180 -2.676100000000
5.025955307180 -2.676950000000
5.032095307180 -2.677790000000
5.038225307180 -2.678620000000
5.044355307180 -2.679430000000
5.050485307180 -2.680230000000
5.056625307180 -2.681020000000
5.062755307180 -2.681790000000
5.068885307180 -2.682550000000
5.075025307180 -2.683290000000
5.081155307180 -2.684030000000
5.087285307180 -2.684740000000
5.093415307180 -2.685450000000
5.099555307180 -2.686140000000
5.105685307180 -2.686820000000
5.111815307180 -2.687480000000
5.117955307180 -2.688130000000
5.124085307180 -2.688770000000
5.130215307180 -2.689390000000
5.136345307180 -2.690000000000
5.142485307180 -2.690590000000
5.148615307180 -2.691170000000
5.154745307180 -2.691740000000
5.160885307180 -2.692290000000
5.167015307180 -2.692830000000
5.173145307180 -2.693350000000
5.179275307180 -2.693860000000
5.185415307180 -2.694350000000
5.191545307180 -2.694830000000
5.197675307180 -2.695300000000
5.203815307180 -2.695750000000
5.209945307180 -2.696190000000
5.216075307180 -2.696610000000
5.222205307180 -2.697020000000
5.228345307180 -2.697410000000
5.234475307180 -2.697790000000
5.240605307180 -2.698150000000
5.246735307180 -2.698500000000
5.252875307180 -2.698830000000
5.259005307180 -2.699150000000
5.265135307180 -2.699450000000
5.271275307180 -2.699740000000
5.277405307180 -2.700010000000
5.283537307180 -2.700270000000
5.289669307180 -2.700510000000
5.295802307180 -2.700740000000
5.301935307180 -2.700950000000
5.308068307180 -2.701140000000
5.314201307180 -2.701330000000
5.320333307180 -2.701490000000
5.326466307180 -2.701640000000
5.332599307180 -2.701770000000
5.338732307180 -2.701890000000
5.344865307180 -2.701990000000
5.350997307180 -2.702080000000
5.357130307180 -2.702150000000
5.363263307180 -2.702200000000
5.369396307180 -2.702240000000
5.375529307180 -2.702260000000
5.381662307180 -2.702270000000
5.387794307180 -2.702260000000
5.393927307180 -2.702230000000
5.400060307180 -2.702190000000
5.406193307180 -2.702130000000
5.412326307180 -2.702060000000
5.418458307180 -2.701960000000
5.424591307180 -2.701850000000
5.430724307180 -2.701730000000
5.436857307180 -2.701590000000
5.442990307180 -2.701430000000
5.449122307180 -2.701250000000
5.455255307180 -2.701060000000
5.461388307180 -2.700840000000
5.467521307180 -2.700620000000
5.473654307180 -2.700370000000
5.479787307180 -2.700110000000
5.485919307180 -2.699820000000
5.492052307180 -2.699520000000
5.498185307180 -2.699210000000
5.504318307180 -2.698870000000
5.510451307180 -2.698510000000
5.516583307180 -2.698140000000
5.522716307180 -2.697740000000
5.528849307180 -2.697320000000
5.534982307180 -2.696890000000
5.541115307180 -2.696430000000
5.547247307180 -2.695950000000
5.553380307180 -2.695440000000
5.559513307180 -2.694920000000
5.565646307180 -2.694360000000
5.571779307180 -2.693780000000
5.577912307180 -2.693180000000
5.584044307180 -2.692540000000
5.590177307180 -2.691870000000
5.596310307180 -2.691180000000
5.602443307180 -2.690440000000
5.608576307180 -2.689680000000
5.614708307180 -2.688880000000
5.620841307180 -2.688040000000
5.626974307180 -2.687160000000
5.633107307180 -2.686250000000
5.639240307180 -2.685300000000
5.645372307180 -2.684330000000
5.651505307180 -2.683340000000
5.657638307180 -2.682330000000
5.663771307180 -2.681340000000
5.669904307180 -2.680360000000
5.676037307180 -2.679450000000
5.682169307180 -2.678610000000
5.688302307180 -2.677900000000
5.694435307180 -2.677350000000
5.700568307180 -2.676990000000
5.706701307180 -2.676860000000
5.712833307180 -2.676980000000
5.718966307180 -2.677360000000
5.725099307180 -2.677980000000
5.731232307180 -2.678830000000
5.737365307180 -2.679870000000
5.743498307180 -2.681040000000
5.749630307180 -2.682320000000
5.755763307180 -2.683640000000
5.761896307180 -2.684970000000
5.768029307180 -2.686270000000
5.774162307180 -2.687530000000
5.780294307180 -2.688710000000
5.786427307180 -2.689820000000
5.792560307180 -2.690830000000
5.798693307180 -2.691760000000
5.804826307180 -2.692580000000
5.810958307180 -2.693310000000
5.817091307180 -2.693940000000
5.823224307180 -2.694470000000
5.829357307180 -2.694910000000
5.835490307180 -2.695260000000
5.841622307180 -2.695510000000
5.847755307180 -2.695670000000
5.853888307180 -2.695730000000
5.860021307180 -2.695700000000
5.866154307180 -2.695570000000
5.872287307180 -2.695340000000
5.878419307180 -2.695010000000
5.884552307180 -2.694560000000
5.890685307180 -2.694010000000
5.896818307180 -2.693340000000
5.902951307180 -2.692570000000
5.909083307180 -2.691720000000
5.915216307180 -2.690810000000
5.921349307180 -2.689900000000
5.927482307180 -2.689090000000
5.933615307180 -2.688460000000
5.939747307180 -2.688140000000
5.945880307180 -2.688180000000
5.952013307180 -2.688600000000
5.958146307180 -2.689330000000
5.964279307180 -2.690260000000
5.970412307180 -2.691250000000
5.976544307180 -2.692190000000
5.982677307180 -2.692980000000
5.988810307180 -2.693570000000
5.994943307180 -2.693920000000
6.001076307180 -2.694020000000
6.007208307180 -2.693870000000
6.013341307180 -2.693470000000
6.019474307180 -2.692870000000
6.025607307180 -2.692160000000
6.031740307180 -2.691490000000
6.037872307180 -2.691090000000
6.044005307180 -2.691100000000
6.050138307180 -2.691530000000
6.056271307180 -2.692200000000
6.062404307180 -2.692840000000
6.068537307180 -2.693230000000
6.074669307180 -2.693250000000
6.080802307180 -2.692940000000
6.086935307180 -2.692460000000
6.093068307180 -2.692130000000
6.099201307180 -2.692200000000
6.105333307180 -2.692600000000
6.111466307180 -2.692950000000
6.117599307180 -2.692960000000
6.123732307180 -2.692700000000
6.129865307180 -2.692540000000
6.135998307180 -2.692720000000
6.142130307180 -2.692910000000
6.148263307180 -2.692820000000
6.154396307180 -2.692740000000
6.160529307180 -2.692870000000
6.166662307180 -2.692870000000
6.172794307180 -2.692850000000
6.178927307180 -2.692900000000
6.185060307180 -2.692890000000
6.191193107180 -2.692910000000
6.197325907180 -2.692920000000
6.203458707180 -2.692930000000
6.209591607180 -2.692940000000
6.215724407180 -2.692950000000
6.221857207180 -2.692960000000
6.227990007180 -2.692970000000
6.234122807180 -2.692980000000
6.240255607180 -2.692980000000
6.246388407180 -2.692990000000
6.252521207180 -2.692990000000
6.258654007180 -2.693000000000
6.264786907180 -2.693000000000
6.270919707180 -2.693000000000
6.277052497180 -2.693000000000
6.283185307180 -2.693100000000
