0.000000000000 -3.519630000000
0.006132810000 -3.519580000000
0.012265600000 -3.519580000000
0.018398400000 -3.519570000000
0.024531300000 -3.519570000000
0.030664100000 -3.519560000000
0.036796900000 -3.519550000000
0.042929700000 -3.519540000000
0.049062500000 -3.519530000000
0.055195300000 -3.519520000000
0.061328100000 -3.519500000000
0.067460900000 -3.519480000000
0.073593700000 -3.519460000000
0.079726600000 -3.519450000000
0.085859400000 -3.519440000000
0.091992200000 -3.519410000000
0.098125000000 -3.519360000000
0.104258000000 -3.519300000000
0.110391000000 -3.519280000000
0.116523000000 -3.519300000000
0.122656000000 -3.519350000000
0.128789000000 -3.519380000000
0.134922000000 -3.519370000000
0.141055000000 -3.519300000000
0.147187000000 -3.519170000000
0.153320000000 -3.518990000000
0.159453000000 -3.518780000000
0.165586000000 -3.518570000000
0.171719000000 -3.518390000000
0.177852000000 -3.518270000000
0.183984000000 -3.518220000000
0.190117000000 -3.518240000000
0.196250000000 -3.518330000000
0.202383000000 -3.518470000000
0.208516000000 -3.518660000000
0.214648000000 -3.518870000000
0.220781000000 -3.519090000000
0.226914000000 -3.519310000000
0.233047000000 -3.519510000000
0.239180000000 -3.519700000000
0.245313000000 -3.519850000000
0.251445000000 -3.519970000000
0.257578000000 -3.520070000000
0.263711000000 -3.520130000000
0.269844000000 -3.520150000000
0.275977000000 -3.520150000000
0.282109000000 -3.520110000000
0.288242000000 -3.520050000000
0.294375000000 -3.519950000000
0.300508000000 -3.519820000000
0.306641000000 -3.519670000000
0.312773000000 -3.519490000000
0.318906000000 -3.519280000000
0.325039000000 -3.519040000000
0.331172000000 -3.518770000000
0.337305000000 -3.518490000000
0.343438000000 -3.518170000000
0.349570000000 -3.517830000000
0.355703000000 -3.517460000000
0.361836000000 -3.517070000000
0.367969000000 -3.516660000000
0.374102000000 -3.516220000000
0.380234000000 -3.515760000000
0.386367000000 -3.515280000000
0.392500000000 -3.514770000000
0.398633000000 -3.514250000000
0.404766000000 -3.513700000000
0.410898000000 -3.513130000000
0.417031000000 -3.512550000000
0.423164000000 -3.511950000000
0.429297000000 -3.511330000000
0.435430000000 -3.510700000000
0.441563000000 -3.510060000000
0.447695000000 -3.509410000000
0.453828000000 -3.508750000000
0.459961000000 -3.508080000000
0.466094000000 -3.507410000000
0.472227000000 -3.506740000000
0.478359000000 -3.506070000000
0.484492000000 -3.505410000000
0.490625000000 -3.504760000000
0.496758000000 -3.504110000000
0.502891000000 -3.503490000000
0.509023000000 -3.502880000000
0.515156000000 -3.502290000000
0.521289000000 -3.501730000000
0.527422000000 -3.501190000000
0.533555000000 -3.500680000000
0.539687000000 -3.500200000000
0.545820000000 -3.499760000000
0.551953000000 -3.499350000000
0.558086000000 -3.498970000000
0.564219000000 -3.498630000000
0.570352000000 -3.498330000000
0.576484000000 -3.498060000000
0.582617000000 -3.497830000000
0.588750000000 -3.497630000000
0.594883000000 -3.497460000000
0.601016000000 -3.497320000000
0.607148000000 -3.497210000000
0.613281000000 -3.497120000000
0.619414000000 -3.497070000000
0.625547000000 -3.497030000000
0.631680000000 -3.497010000000
0.637813000000 -3.497010000000
0.643945000000 -3.497030000000
0.650078000000 -3.497060000000
0.656211000000 -3.497100000000
0.662344000000 -3.497150000000
0.668477000000 -3.497210000000
0.674609000000 -3.497270000000
0.680742000000 -3.497350000000
0.686875000000 -3.497420000000
0.693008000000 -3.497510000000
0.699141000000 -3.497590000000
0.705273000000 -3.497670000000
0.711406000000 -3.497760000000
0.717539000000 -3.497840000000
0.723672000000 -3.497930000000
0.729805000000 -3.498010000000
0.735938000000 -3.498100000000
0.742070000000 -3.498180000000
0.748203000000 -3.498260000000
0.754336000000 -3.498340000000
0.760469000000 -3.498420000000
0.766602000000 -3.498490000000
0.772734000000 -3.498560000000
0.778867000000 -3.498630000000
0.785000000000 -3.498700000000
0.791133000000 -3.498760000000
0.797266000000 -3.498820000000
0.803398000000 -3.498880000000
0.809531000000 -3.498940000000
0.815664000000 -3.498990000000
0.821797000000 -3.499050000000
0.827930000000 -3.499100000000
0.834063000000 -3.499140000000
0.840195000000 -3.499190000000
0.846328000000 -3.499230000000
0.852461000000 -3.499270000000
0.858594000000 -3.499310000000
0.864727000000 -3.499350000000
0.870859000000 -3.499380000000
0.876992000000 -3.499420000000
0.883125000000 -3.499450000000
0.889258000000 -3.499480000000
0.895391000000 -3.499510000000
0.901523000000 -3.499540000000
0.907656000000 -3.499560000000
0.913789000000 -3.499590000000
0.919922000000 -3.499610000000
0.926055000000 -3.499630000000
0.932188000000 -3.499650000000
0.938320000000 -3.499670000000
0.944453000000 -3.499690000000
0.950586000000 -3.499710000000
0.956719000000 -3.499720000000
0.962852000000 -3.499740000000
0.968984000000 -3.499750000000
0.975117000000 -3.499770000000
0.981250000000 -3.499780000000
0.987383000000 -3.499790000000
0.993516000000 -3.499800000000
0.999648000000 -3.499820000000
1.005780000000 -3.499830000000
1.011910000000 -3.499840000000
1.018050000000 -3.499840000000
1.024180000000 -3.499850000000
1.030310000000 -3.499860000000
1.036450000000 -3.499870000000
1.042580000000 -3.499880000000
1.048710000000 -3.499880000000
1.054840000000 -3.499890000000
1.060980000000 -3.499900000000
1.067110000000 -3.499900000000
1.073240000000 -3.499910000000
1.079370000000 -3.499910000000
1.085510000000 -3.499920000000
1.091640000000 -3.499920000000
1.097770000000 -3.499930000000
1.103910000000 -3.499930000000
1.110040000000 -3.499940000000
1.116170000000 -3.499940000000
1.122300000000 -3.499940000000
1.128440000000 -3.499950000000
1.134570000000 -3.499950000000
1.140700000000 -3.499950000000
1.146840000000 -3.499950000000
1.152970000000 -3.499960000000
1.159100000000 -3.499960000000
1.165230000000 -3.499960000000
1.171370000000 -3.499960000000
1.177500000000 -3.499970000000
1.183630000000 -3.499970000000
1.189770000000 -3.499970000000
1.195900000000 -3.499970000000
1.202030000000 -3.499970000000
1.208160000000 -3.499970000000
1.214300000000 -3.499980000000
1.220430000000 -3.499980000000
1.226560000000 -3.499980000000
1.232700000000 -3.499980000000
1.238830000000 -3.499980000000
1.244960000000 -3.499980000000
1.251090000000 -3.499980000000
1.257230000000 -3.499980000000
1.263360000000 -3.499980000000
1.269490000000 -3.499980000000
1.275630000000 -3.499990000000
1.281760000000 -3.499990000000
1.287890000000 -3.499990000000
1.294020000000 -3.499990000000
1.300160000000 -3.499990000000
1.306290000000 -3.499990000000
1.312420000000 -3.499990000000
1.318550000000 -3.499990000000
1.324690000000 -3.499990000000
1.330820000000 -3.499990000000
1.336950000000 -3.499990000000
1.343090000000 -3.499990000000
1.349220000000 -3.499990000000
1.355350000000 -3.499990000000
1.361480000000 -3.499990000000
1.367620000000 -3.499990000000
1.373750000000 -3.499990000000
1.379880000000 -3.499990000000
1.386020000000 -3.499990000000
1.392150000000 -3.499990000000
1.398280000000 -3.499990000000
1.404410000000 -3.500000000000
1.410550000000 -3.500000000000
1.416680000000 -3.500000000000
1.422810000000 -3.500000000000
1.428950000000 -3.500000000000
1.435080000000 -3.500000000000
1.441210000000 -3.500000000000
1.447340000000 -3.500000000000
1.453480000000 -3.500000000000
1.459610000000 -3.500000000000
1.465740000000 -3.500000000000
1.471880000000 -3.500000000000
1.478010000000 -3.500000000000
1.484140000000 -3.500000000000
1.490270000000 -3.500000000000
1.496410000000 -3.500000000000
1.502540000000 -3.500000000000
1.508670000000 -3.500000000000
1.514800000000 -3.500000000000
1.520940000000 -3.500000000000
1.527070000000 -3.500000000000
1.533200000000 -3.500000000000
1.539340000000 -3.500000000000
1.545470000000 -3.500000000000
1.551600000000 -3.500000000000
1.557730000000 -3.500000000000
1.563870000000 -3.500000000000
1.570000000000 -3.500000000000
1.576130000000 -3.500000000000
1.582270000000 -3.500000000000
1.588400000000 -3.500000000000
1.594530000000 -3.500000000000
1.600660000000 -3.500000000000
1.606800000000 -3.500000000000
1.612930000000 -3.500000000000
1.619060000000 -3.500000000000
1.625200000000 -3.500000000000
1.631330000000 -3.500000000000
1.637460000000 -3.500000000000
1.643590000000 -3.500000000000
1.649730000000 -3.500000000000
1.655860000000 -3.500000000000
1.661990000000 -3.500000000000
1.668130000000 -3.500000000000
1.674260000000 -3.500000000000
1.680390000000 -3.500000000000
1.686520000000 -3.500000000000
1.692660000000 -3.500000000000
1.698790000000 -3.500000000000
1.704920000000 -3.500000000000
1.711050000000 -3.500000000000
1.717190000000 -3.500000000000
1.723320000000 -3.500000000000
1.729450000000 -3.500000000000
1.735590000000 -3.500000000000
1.741720000000 -3.500000000000
1.747850000000 -3.500000000000
1.753980000000 -3.500000000000
1.760120000000 -3.500000000000
1.766250000000 -3.500000000000
1.772380000000 -3.500000000000
1.778520000000 -3.500000000000
1.784650000000 -3.500000000000
1.790780000000 -3.500000000000
1.796910000000 -3.500000000000
1.803050000000 -3.500000000000
1.809180000000 -3.500000000000
1.815310000000 -3.500000000000
1.821450000000 -3.500000000000
1.827580000000 -3.500000000000
1.833710000000 -3.500000000000
1.839840000000 -3.500000000000
1.845980000000 -3.500000000000
1.852110000000 -3.500000000000
1.858240000000 -3.500000000000
1.864380000000 -3.500000000000
1.870510000000 -3.500000000000
1.876640000000 -3.500000000000
1.882770000000 -3.500000000000
1.888910000000 -3.500000000000
1.895040000000 -3.500000000000
1.901170000000 -3.500000000000
1.907300000000 -3.500000000000
1.913440000000 -3.500000000000
1.919570000000 -3.500000000000
1.925700000000 -3.500000000000
1.931840000000 -3.500000000000
1.937970000000 -3.500000000000
1.944100000000 -3.500000000000
1.950230000000 -3.500000000000
1.956370000000 -3.500000000000
1.962500000000 -3.500000000000
1.968630000000 -3.500000000000
1.974770000000 -3.500000000000
1.980900000000 -3.500000000000
1.987030000000 -3.500000000000
1.993160000000 -3.500000000000
1.999300000000 -3.500000000000
2.005430000000 -3.500000000000
2.011560000000 -3.500000000000
2.017700000000 -3.500000000000
2.023830000000 -3.500000000000
2.029960000000 -3.500000000000
2.036090000000 -3.500000000000
2.042230000000 -3.500000000000
2.048360000000 -3.500000000000
2.054490000000 -3.500000000000
2.060620000000 -3.500000000000
2.066760000000 -3.500000000000
2.072890000000 -3.500000000000
2.079020000000 -3.500000000000
2.085160000000 -3.500000000000
2.091290000000 -3.500000000000
2.097420000000 -3.500000000000
2.103550000000 -3.500000000000
2.109690000000 -3.500000000000
2.115820000000 -3.500000000000
2.121950000000 -3.500000000000
2.128090000000 -3.500000000000
2.134220000000 -3.500000000000
2.140350000000 -3.500000000000
2.146480000000 -3.500000000000
2.152620000000 -3.500000000000
2.158750000000 -3.500000000000
2.164880000000 -3.500000000000
2.171020000000 -3.500000000000
2.177150000000 -3.500000000000
2.183280000000 -3.500000000000
2.189410000000 -3.500000000000
2.195550000000 -3.500000000000
2.201680000000 -3.500000000000
2.207810000000 -3.500000000000
2.213950000000 -3.500000000000
2.220080000000 -3.500000000000
2.226210000000 -3.500000000000
2.232340000000 -3.500000000000
2.238480000000 -3.500000000000
2.244610000000 -3.500000000000
2.250740000000 -3.500000000000
2.256870000000 -3.500000000000
2.263010000000 -3.500000000000
2.269140000000 -3.500000000000
2.275270000000 -3.500000000000
2.281410000000 -3.500000000000
2.287540000000 -3.500000000000
2.293670000000 -3.500000000000
2.299800000000 -3.500000000000
2.305940000000 -3.500000000000
2.312070000000 -3.500000000000
2.318200000000 -3.500000000000
2.324340000000 -3.500000000000
2.330470000000 -3.500000000000
2.336600000000 -3.500000000000
2.342730000000 -3.500000000000
2.348870000000 -3.500000000000
2.355000000000 -3.500000000000
2.361130000000 -3.500000000000
2.367270000000 -3.500000000000
2.373400000000 -3.500000000000
2.379530000000 -3.500000000000
2.385660000000 -3.500000000000
2.391800000000 -3.500000000000
2.397930000000 -3.500000000000
2.404060000000 -3.500000000000
2.410200000000 -3.500000000000
2.416330000000 -3.500000000000
2.422460000000 -3.500000000000
2.428590000000 -3.500000000000
2.434730000000 -3.500000000000
2.440860000000 -3.500000000000
2.446990000000 -3.500000000000
2.453120000000 -3.500000000000
2.459260000000 -3.500000000000
2.465390000000 -3.500000000000
2.471520000000 -3.500000000000
2.477660000000 -3.500000000000
2.483790000000 -3.500000000000
2.489920000000 -3.500000000000
2.496050000000 -3.500000000000
2.502190000000 -3.500000000000
2.508320000000 -3.500000000000
2.514450000000 -3.500000000000
2.520590000000 -3.500000000000
2.526720000000 -3.500000000000
2.532850000000 -3.500000000000
2.538980000000 -3.500000000000
2.545120000000 -3.500000000000
2.551250000000 -3.500000000000
2.557380000000 -3.500000000000
2.563520000000 -3.500000000000
2.569650000000 -3.500000000000
2.575780000000 -3.500000000000
2.581910000000 -3.500000000000
2.588050000000 -3.500000000000
2.594180000000 -3.500000000000
2.600310000000 -3.500000000000
2.606450000000 -3.500000000000
2.612580000000 -3.500000000000
2.618710000000 -3.500000000000
2.624840000000 -3.500000000000
2.630980000000 -3.500000000000
2.637110000000 -3.500000000000
2.643240000000 -3.500000000000
2.649380000000 -3.500000000000
2.655510000000 -3.500000000000
2.661640000000 -3.500000000000
2.667770000000 -3.500000000000
2.673910000000 -3.500000000000
2.680040000000 -3.500000000000
2.686170000000 -3.500000000000
2.692300000000 -3.500000000000
2.698440000000 -3.500000000000
2.704570000000 -3.500000000000
2.710700000000 -3.500000000000
2.716840000000 -3.500000000000
2.722970000000 -3.500000000000
2.729100000000 -3.500000000000
2.735230000000 -3.500000000000
2.741370000000 -3.500000000000
2.747500000000 -3.500000000000
2.753630000000 -3.500000000000
2.759770000000 -3.500000000000
2.765900000000 -3.500000000000
2.772030000000 -3.500000000000
2.778160000000 -3.500000000000
2.784300000000 -3.500000000000
2.790430000000 -3.500000000000
2.796560000000 -3.500000000000
2.802700000000 -3.500000000000
2.808830000000 -3.500000000000
2.814960000000 -3.500000000000
2.821090000000 -3.500000000000
2.827230000000 -3.500000000000
2.833360000000 -3.500000000000
2.839490000000 -3.500000000000
2.845630000000 -3.500000000000
2.851760000000 -3.500000000000
2.857890000000 -3.500000000000
2.864020000000 -3.500000000000
2.870160000000 -3.500000000000
2.876290000000 -3.500000000000
2.882420000000 -3.500000000000
2.888550000000 -3.500000000000
2.894690000000 -3.500000000000
2.900820000000 -3.500000000000
2.906950000000 -3.500000000000
2.913090000000 -3.500000000000
2.919220000000 -3.500000000000
2.925350000000 -3.500000000000
2.931480000000 -3.500000000000
2.937620000000 -3.500000000000
2.943750000000 -3.500000000000
2.949880000000 -3.500000000000
2.956020000000 -3.500000000000
2.962150000000 -3.500000000000
2.968280000000 -3.500000000000
2.974410000000 -3.500000000000
2.980550000000 -3.500000000000
2.986680000000 -3.500000000000
2.992810000000 -3.500000000000
2.998950000000 -3.500000000000
3.005080000000 -3.500000000000
3.011210000000 -3.500000000000
3.017340000000 -3.500000000000
3.023480000000 -3.500000000000
3.029610000000 -3.500000000000
3.035740000000 -3.500000000000
3.041880000000 -3.500000000000
3.048010000000 -3.500000000000
3.054140000000 -3.500000000000
3.060270000000 -3.500000000000
3.066410000000 -3.500000000000
3.072540000000 -3.500000000000
3.078670000000 -3.500000000000
3.084800000000 -3.500000000000
3.090940000000 -3.500000000000
3.097070000000 -3.500000000000
3.103200000000 -3.500000000000
3.109340000000 -3.500000000000
3.115470000000 -3.500000000000
3.121600000000 -3.500000000000
3.127730000000 -3.500000000000
3.133870000000 -3.500000000000
3.140000000000 -3.500000000000
3.149315307180 -3.500000000000
3.155455307180 -3.500000000000
3.161585307180 -3.500000000000
3.167715307180 -3.500000000000
3.173845307180 -3.500000000000
3.179985307180 -3.500000000000
3.186115307180 -3.500000000000
3.192245307180 -3.500000000000
3.198385307180 -3.500000000000
3.204515307180 -3.500000000000
3.210645307180 -3.500000000000
3.216775307180 -3.500000000000
3.222915307180 -3.500000000000
3.229045307180 -3.500000000000
3.235175307180 -3.500000000000
3.241305307180 -3.500000000000
3.247445307180 -3.500000000000
3.253575307180 -3.500000000000
3.259705307180 -3.500000000000
3.265845307180 -3.500000000000
3.271975307180 -3.500000000000
3.278105307180 -3.500000000000
3.284235307180 -3.500000000000
3.290375307180 -3.500000000000
3.296505307180 -3.500000000000
3.302635307180 -3.500000000000
3.308775307180 -3.500000000000
3.314905307180 -3.500000000000
3.321035307180 -3.500000000000
3.327165307180 -3.500000000000
3.333305307180 -3.500000000000
3.339435307180 -3.500000000000
3.345565307180 -3.500000000000
3.351705307180 -3.500000000000
3.357835307180 -3.500000000000
3.363965307180 -3.500000000000
3.370095307180 -3.500000000000
3.376235307180 -3.500000000000
3.382365307180 -3.500000000000
3.388495307180 -3.500000000000
3.394635307180 -3.500000000000
3.400765307180 -3.500000000000
3.406895307180 -3.500000000000
3.413025307180 -3.500000000000
3.419165307180 -3.500000000000
3.425295307180 -3.500000000000
3.431425307180 -3.500000000000
3.437555307180 -3.500000000000
3.443695307180 -3.500000000000
3.449825307180 -3.500000000000
3.455955307180 -3.500000000000
3.462095307180 -3.500000000000
3.468225307180 -3.500000000000
3.474355307180 -3.500000000000
3.480485307180 -3.500000000000
3.486625307180 -3.500000000000
3.492755307180 -3.500000000000
3.498885307180 -3.500000000000
3.505025307180 -3.500000000000
3.511155307180 -3.500000000000
3.517285307180 -3.500000000000
3.523415307180 -3.500000000000
3.529555307180 -3.500000000000
3.535685307180 -3.500000000000
3.541815307180 -3.500000000000
3.547955307180 -3.500000000000
3.554085307180 -3.500000000000
3.560215307180 -3.500000000000
3.566345307180 -3.500000000000
3.572485307180 -3.500000000000
3.578615307180 -3.500000000000
3.584745307180 -3.500000000000
3.590885307180 -3.500000000000
3.597015307180 -3.500000000000
3.603145307180 -3.500000000000
3.609275307180 -3.500000000000
3.615415307180 -3.500000000000
3.621545307180 -3.500000000000
3.627675307180 -3.500000000000
3.633805307180 -3.500000000000
3.639945307180 -3.500000000000
3.646075307180 -3.500000000000
3.652205307180 -3.500000000000
3.658345307180 -3.500000000000
3.664475307180 -3.500000000000
3.670605307180 -3.500000000000
3.676735307180 -3.500000000000
3.682875307180 -3.500000000000
3.689005307180 -3.500000000000
3.695135307180 -3.500000000000
3.701275307180 -3.500000000000
3.707405307180 -3.500000000000
3.713535307180 -3.500000000000
3.719665307180 -3.500000000000
3.725805307180 -3.500000000000
3.731935307180 -3.500000000000
3.738065307180 -3.500000000000
3.744205307180 -3.500000000000
3.750335307180 -3.500000000000
3.756465307180 -3.500000000000
3.762595307180 -3.500000000000
3.768735307180 -3.500000000000
3.774865307180 -3.500000000000
3.780995307180 -3.500000000000
3.787135307180 -3.500000000000
3.793265307180 -3.500000000000
3.799395307180 -3.500000000000
3.805525307180 -3.500000000000
3.811665307180 -3.500000000000
3.817795307180 -3.500000000000
3.823925307180 -3.500000000000
3.830065307180 -3.500000000000
3.836195307180 -3.500000000000
3.842325307180 -3.500000000000
3.848455307180 -3.500000000000
3.854595307180 -3.500000000000
3.860725307180 -3.500000000000
3.866855307180 -3.500000000000
3.872985307180 -3.500000000000
3.879125307180 -3.500000000000
3.885255307180 -3.500000000000
3.891385307180 -3.500000000000
3.897525307180 -3.500000000000
3.903655307180 -3.500000000000
3.909785307180 -3.500000000000
3.915915307180 -3.500000000000
3.922055307180 -3.500000000000
3.928185307180 -3.500000000000
3.934315307180 -3.500000000000
3.940455307180 -3.500000000000
3.946585307180 -3.500000000000
3.952715307180 -3.500000000000
3.958845307180 -3.500000000000
3.964985307180 -3.500000000000
3.971115307180 -3.500000000000
3.977245307180 -3.500000000000
3.983385307180 -3.500000000000
3.989515307180 -3.500000000000
3.995645307180 -3.500000000000
4.001775307180 -3.500000000000
4.007915307180 -3.500000000000
4.014045307180 -3.500000000000
4.020175307180 -3.500000000000
4.026315307180 -3.500000000000
4.032445307180 -3.500000000000
4.038575307180 -3.500000000000
4.044705307180 -3.500000000000
4.050845307180 -3.500000000000
4.056975307180 -3.500000000000
4.063105307180 -3.500000000000
4.069235307180 -3.500000000000
4.075375307180 -3.500000000000
4.081505307180 -3.500000000000
4.087635307180 -3.500000000000
4.093775307180 -3.500000000000
4.099905307180 -3.500000000000
4.106035307180 -3.500000000000
4.112165307180 -3.500000000000
4.118305307180 -3.500000000000
4.124435307180 -3.500000000000
4.130565307180 -3.500000000000
4.136705307180 -3.500000000000
4.142835307180 -3.500000000000
4.148965307180 -3.500000000000
4.155095307180 -3.500000000000
4.161235307180 -3.500000000000
4.167365307180 -3.500000000000
4.173495307180 -3.500000000000
4.179635307180 -3.500000000000
4.185765307180 -3.500000000000
4.191895307180 -3.500000000000
4.198025307180 -3.500000000000
4.204165307180 -3.500000000000
4.210295307180 -3.500000000000
4.216425307180 -3.500000000000
4.222565307180 -3.500000000000
4.228695307180 -3.500000000000
4.234825307180 -3.500000000000
4.240955307180 -3.500000000000
4.247095307180 -3.500000000000
4.253225307180 -3.500000000000
4.259355307180 -3.500000000000
4.265485307180 -3.500000000000
4.271625307180 -3.500000000000
4.277755307180 -3.500000000000
4.283885307180 -3.500000000000
4.290025307180 -3.500000000000
4.296155307180 -3.500000000000
4.302285307180 -3.500000000000
4.308415307180 -3.500000000000
4.314555307180 -3.500000000000
4.320685307180 -3.500000000000
4.326815307180 -3.500000000000
4.332955307180 -3.500000000000
4.339085307180 -3.500000000000
4.345215307180 -3.500000000000
4.351345307180 -3.500000000000
4.357485307180 -3.500000000000
4.363615307180 -3.500000000000
4.369745307180 -3.500000000000
4.375885307180 -3.500000000000
4.382015307180 -3.500000000000
4.388145307180 -3.500000000000
4.394275307180 -3.500000000000
4.400415307180 -3.500000000000
4.406545307180 -3.500000000000
4.412675307180 -3.500000000000
4.418805307180 -3.500000000000
4.424945307180 -3.500000000000
4.431075307180 -3.500000000000
4.437205307180 -3.500000000000
4.443345307180 -3.500000000000
4.449475307180 -3.500000000000
4.455605307180 -3.500000000000
4.461735307180 -3.500000000000
4.467875307180 -3.500000000000
4.474005307180 -3.500000000000
4.480135307180 -3.500000000000
4.486275307180 -3.500000000000
4.492405307180 -3.500000000000
4.498535307180 -3.500000000000
4.504665307180 -3.500000000000
4.510805307180 -3.500000000000
4.516935307180 -3.500000000000
4.523065307180 -3.500000000000
4.529205307180 -3.500000000000
4.535335307180 -3.500000000000
4.541465307180 -3.500000000000
4.547595307180 -3.500000000000
4.553735307180 -3.500000000000
4.559865307180 -3.500000000000
4.565995307180 -3.500000000000
4.572135307180 -3.500000000000
4.578265307180 -3.500000000000
4.584395307180 -3.500000000000
4.590525307180 -3.500000000000
4.596665307180 -3.500000000000
4.602795307180 -3.500000000000
4.608925307180 -3.500000000000
4.615055307180 -3.500000000000
4.621195307180 -3.500000000000
4.627325307180 -3.500000000000
4.633455307180 -3.500000000000
4.639595307180 -3.500000000000
4.645725307180 -3.500000000000
4.651855307180 -3.500000000000
4.657985307180 -3.500000000000
4.664125307180 -3.500000000000
4.670255307180 -3.500000000000
4.676385307180 -3.500000000000
4.682525307180 -3.500000000000
4.688655307180 -3.500000000000
4.694785307180 -3.500000000000
4.700915307180 -3.500000000000
4.707055307180 -3.500000000000
4.713185307180 -3.500000000000
4.719315307180 -3.500000000000
4.725455307180 -3.500000000000
4.731585307180 -3.500000000000
4.737715307180 -3.500000000000
4.743845307180 -3.500000000000
4.749985307180 -3.500000000000
4.756115307180 -3.500000000000
4.762245307180 -3.500000000000
4.768385307180 -3.500000000000
4.774515307180 -3.500000000000
4.780645307180 -3.500000000000
4.786775307180 -3.500000000000
4.792915307180 -3.500000000000
4.799045307180 -3.500000000000
4.805175307180 -3.500000000000
4.811305307180 -3.500000000000
4.817445307180 -3.500000000000
4.823575307180 -3.500000000000
4.829705307180 -3.500000000000
4.835845307180 -3.500000000000
4.841975307180 -3.500000000000
4.848105307180 -3.500000000000
4.854235307180 -3.500000000000
4.860375307180 -3.500000000000
4.866505307180 -3.500000000000
4.872635307180 -3.500000000000
4.878775307180 -3.500000000000
4.884905307180 -3.499990000000
4.891035307180 -3.499990000000
4.897165307180 -3.499990000000
4.903305307180 -3.499990000000
4.909435307180 -3.499990000000
4.915565307180 -3.499990000000
4.921705307180 -3.499990000000
4.927835307180 -3.499990000000
4.933965307180 -3.499990000000
4.940095307180 -3.499990000000
4.946235307180 -3.499990000000
4.952365307180 -3.499990000000
4.958495307180 -3.499990000000
4.964635307180 -3.499990000000
4.970765307180 -3.499990000000
4.976895307180 -3.499990000000
4.983025307180 -3.499990000000
4.989165307180 -3.499990000000
4.995295307180 -3.499990000000
5.001425307180 -3.499990000000
5.007555307180 -3.499990000000
5.013695307180 -3.499980000000
5.019825307180 -3.499980000000
5.025955307180 -3.499980000000
5.032095307180 -3.499980000000
5.038225307180 -3.499980000000
5.044355307180 -3.499980000000
5.050485307180 -3.499980000000
5.056625307180 -3.499980000000
5.062755307180 -3.499980000000
5.068885307180 -3.499980000000
5.075025307180 -3.499970000000
5.081155307180 -3.499970000000
5.087285307180 -3.499970000000
5.093415307180 -3.499970000000
5.099555307180 -3.499970000000
5.105685307180 -3.499970000000
5.111815307180 -3.499960000000
5.117955307180 -3.499960000000
5.124085307180 -3.499960000000
5.130215307180 -3.499960000000
5.136345307180 -3.499950000000
5.142485307180 -3.499950000000
5.148615307180 -3.499950000000
5.154745307180 -3.499950000000
5.160885307180 -3.499940000000
5.167015307180 -3.499940000000
5.173145307180 -3.499940000000
5.179275307180 -3.499930000000
5.185415307180 -3.499930000000
5.191545307180 -3.499920000000
5.197675307180 -3.499920000000
5.203815307180 -3.499910000000
5.209945307180 -3.499910000000
5.216075307180 -3.499900000000
5.222205307180 -3.499900000000
5.228345307180 -3.499890000000
5.234475307180 -3.499880000000
5.240605307180 -3.499880000000
5.246735307180 -3.499870000000
5.252875307180 -3.499860000000
5.259005307180 -3.499850000000
5.265135307180 -3.499840000000
5.271275307180 -3.499840000000
5.277405307180 -3.499830000000
5.283537307180 -3.499820000000
5.289669307180 -3.499800000000
5.295802307180 -3.499790000000
5.301935307180 -3.499780000000
5.308068307180 -3.499770000000
5.314201307180 -3.499750000000
5.320333307180 -3.499740000000
5.326466307180 -3.499720000000
5.332599307180 -3.499710000000
5.338732307180 -3.499690000000
5.344865307180 -3.499670000000
5.350997307180 -3.499650000000
5.357130307180 -3.499630000000
5.363263307180 -3.499610000000
5.369396307180 -3.499590000000
5.375529307180 -3.499560000000
5.381662307180 -3.499540000000
5.387794307180 -3.499510000000
5.393927307180 -3.499480000000
5.400060307180 -3.499450000000
5.406193307180 -3.499420000000
5.412326307180 -3.499380000000
5.418458307180 -3.499350000000
5.424591307180 -3.499310000000
5.430724307180 -3.499270000000
5.436857307180 -3.499230000000
5.442990307180 -3.499190000000
5.449122307180 -3.499140000000
5.455255307180 -3.499100000000
5.461388307180 -3.499050000000
5.467521307180 -3.498990000000
5.473654307180 -3.498940000000
5.479787307180 -3.498880000000
5.485919307180 -3.498820000000
5.492052307180 -3.498760000000
5.498185307180 -3.498700000000
5.504318307180 -3.498630000000
5.510451307180 -3.498560000000
5.516583307180 -3.498490000000
5.522716307180 -3.498420000000
5.528849307180 -3.498340000000
5.534982307180 -3.498260000000
5.541115307180 -3.498180000000
5.547247307180 -3.498100000000
5.553380307180 -3.498010000000
5.559513307180 -3.497930000000
5.565646307180 -3.497840000000
5.571779307180 -3.497760000000
5.577912307180 -3.497670000000
5.584044307180 -3.497590000000
5.590177307180 -3.497510000000
5.596310307180 -3.497420000000
5.602443307180 -3.497350000000
5.608576307180 -3.497270000000
5.614708307180 -3.497210000000
5.620841307180 -3.497150000000
5.626974307180 -3.497100000000
5.633107307180 -3.497060000000
5.639240307180 -3.497030000000
5.645372307180 -3.497010000000
5.651505307180 -3.497010000000
5.657638307180 -3.497030000000
5.663771307180 -3.497070000000
5.669904307180 -3.497120000000
5.676037307180 -3.497210000000
5.682169307180 -3.497320000000
5.688302307180 -3.497460000000
5.694435307180 -3.497630000000
5.700568307180 -3.497830000000
5.706701307180 -3.498060000000
5.712833307180 -3.498330000000
5.718966307180 -3.498630000000
5.725099307180 -3.498970000000
5.731232307180 -3.499350000000
5.737365307180 -3.499760000000
5.743498307180 -3.500200000000
5.749630307180 -3.500680000000
5.755763307180 -3.501190000000
5.761896307180 -3.501730000000
5.768029307180 -3.502290000000
5.774162307180 -3.502880000000
5.780294307180 -3.503490000000
5.786427307180 -3.504110000000
5.792560307180 -3.504760000000
5.798693307180 -3.505410000000
5.804826307180 -3.506070000000
5.810958307180 -3.506740000000
5.817091307180 -3.507410000000
5.823224307180 -3.508080000000
5.829357307180 -3.508750000000
5.835490307180 -3.509410000000
5.841622307180 -3.510060000000
5.847755307180 -3.510700000000
5.853888307180 -3.511330000000
5.860021307180 -3.511950000000
5.866154307180 -3.512550000000
5.872287307180 -3.513130000000
5.878419307180 -3.513700000000
5.884552307180 -3.514250000000
5.890685307180 -3.514770000000
5.896818307180 -3.515280000000
5.902951307180 -3.515760000000
5.909083307180 -3.516220000000
5.915216307180 -3.516660000000
5.921349307180 -3.517070000000
5.927482307180 -3.517460000000
5.933615307180 -3.517830000000
5.939747307180 -3.518170000000
5.945880307180 -3.518490000000
5.952013307180 -3.518770000000
5.958146307180 -3.519040000000
5.964279307180 -3.519280000000
5.970412307180 -3.519490000000
5.976544307180 -3.519670000000
5.982677307180 -3.519820000000
5.988810307180 -3.519950000000
5.994943307180 -3.520050000000
6.001076307180 -3.520110000000
6.007208307180 -3.520150000000
6.013341307180 -3.520150000000
6.019474307180 -3.520130000000
6.025607307180 -3.520070000000
6.031740307180 -3.519970000000
6.037872307180 -3.519850000000
6.044005307180 -3.519700000000
6.050138307180 -3.519510000000
6.056271307180 -3.519310000000
6.062404307180 -3.519090000000
6.068537307180 -3.518870000000
6.074669307180 -3.518660000000
6.080802307180 -3.518470000000
6.086935307180 -3.518330000000
6.093068307180 -3.518240000000
6.099201307180 -3.518220000000
6.105333307180 -3.518270000000
6.111466307180 -3.518390000000
6.117599307180 -3.518570000000
6.123732307180 -3.518780000000
6.129865307180 -3.518990000000
6.135998307180 -3.519170000000
6.142130307180 -3.519300000000
6.148263307180 -3.519370000000
6.154396307180 -3.519380000000
6.160529307180 -3.519350000000
6.166662307180 -3.519300000000
6.172794307180 -3.519280000000
6.178927307180 -3.519300000000
6.185060307180 -3.519360000000
6.191193107180 -3.519410000000
6.197325907180 -3.519440000000
6.203458707180 -3.519450000000
6.209591607180 -3.519460000000
6.215724407180 -3.519480000000
6.221857207180 -3.519500000000
6.227990007180 -3.519520000000
6.234122807180 -3.519530000000
6.240255607180 -3.519540000000
6.246388407180 -3.519550000000
6.252521207180 -3.519560000000
6.258654007180 -3.519570000000
6.264786907180 -3.519570000000
6.270919707180 -3.519580000000
6.277052497180 -3.519580000000
6.283185307180 -3.519630000000
